9.230994e-05
0.0001318739
0.0001318739
0.0001824451
0.0002326167
0.000222701
0.00022146
0.0001923881
0.0001541372
0.0001063369
4.716418e-05
4.474485e-05
5.727888e-05
4.141855e-05
9.92976e-05
0.0001485392
0.0002662304
0.0002662304
0.0003417822
0.0003770296
0.0004526486
0.0004526486
0.0004815436
0.0005103903
0.0005525491
0.0006239027
0.0006633912
0.0006772698
0.0006995716
0.00067607
0.0006492643
0.0005791861
0.0005373286
0.0005351508
0.0005344778
0.0005725134
0.0005864512
0.000616819
0.0006484272
0.0006800301
0.0007322984
0.0007556952
0.0008066779
0.0008066779
0.0009080928
0.0009080928
0.001045128
0.001045128
0.001057327
0.001082726
0.001048784
0.001032773
0.001012255
0.001005927
0.001015575
0.001004113
0.0009652223
0.0009421553
0.0009170427
0.0008234679
0.0007917254
0.0007070589
0.0006063575
0.0005253666
0.0004361577
0.0003475106
0.0003380539
0.0003380539
0.0003462272
0.0003462272
0.0004442807
0.0004442807
0.0005109268
0.0006291389
0.0007253343
0.0008038842
0.0008491353
0.0008647812
0.000913848
0.0009254538
0.0009355042
0.0009435182
0.0008742637
0.0008408638
0.0008081821
0.0008105139
0.0007893613
0.000799761
0.0007931241
0.0008156071
0.0008345848
0.0008577858
0.0009536873
0.0009536873
0.001122978
0.001122978
0.001366304
0.001366304
0.001522338
0.001674666
0.001827625
0.001960002
0.002058404
0.002110106
0.002194237
0.002218848
0.002295112
0.002430173
0.002502243
0.002585431
0.002708817
0.002805564
0.002825717
0.002868231
0.002941804
0.003018691
0.003123649
0.003123649
0.003217048
0.003217048
0.003209566
0.003209566
0.003201657
0.003242966
0.003296631
0.003290101
0.003327628
0.003378968
0.0034055
0.003421408
0.00334619
0.003266059
0.003151253
0.00309224
0.003061431
0.00305701
0.003042638
0.003009797
0.002973097
0.002991965
0.003034369
0.003015973
0.002958276
0.002958276
0.00296817
0.00296817
0.00291335
0.00291335
0.002888654
0.002820483
0.002840233
0.00285378
0.002844865
0.002849175
0.002805955
0.002767061
0.00271516
0.002542702
0.002404679
0.002240537
0.002116871
0.001981823
0.001836741
0.00174099
0.001668865
0.001587398
0.001590276
0.001590276
0.001661437
0.001661437
0.001816467
0.001816467
0.001808301
0.00184831
0.001839261
0.001842118
0.001860272
0.00187953
0.001948072
0.00191531
0.001939634
0.001916989
0.001884856
0.001865352
0.001902853
0.001912534
0.001940597
0.001965007
0.00198087
0.001999188
0.002000438
0.001984407
0.001941485
0.001941485
0.001757796
0.00167917
0.00156746
0.00156746
0.001476452
0.001339334
0.001279859
0.001179374
0.001069675
0.0010833
0.001031618
0.001029299
0.00100352
0.0009754951
0.0009758072
0.0009985192
0.001005798
0.001021043
0.001043679
0.001032635
0.001043778
0.001044298
0.001053061
0.001053061
0.001066677
0.001066677
0.00105005
0.00105005
0.001052268
0.001032668
0.001029956
0.001010114
0.001010114
0.00104351
0.001057469
0.001058418
0.00104786
0.001034538
0.001039064
0.001078314
0.001091764
0.001091776
0.001115963
0.001116281
0.001119178
0.001122714
0.001104497
0.00108796
0.001045544
0.001045544
0.0009644645
0.0009644645
0.0008856117
0.0008856117
0.000882404
0.0008719597
0.0008578344
0.0008614509
0.0008463573
0.0008705909
0.0008715604
0.0008840484
0.0009034582
0.000938668
0.0009465739
0.0009457289
0.0009558756
0.0009568355
0.000978522
0.0009723391
0.001014381
0.001035706
0.001042508
0.001042508
0.001041456
0.001041456
0.001017025
0.001017025
0.0009758724
0.0009714493
0.0009551951
0.0009606783
0.0009770748
0.00100661
0.0009861044
0.001021137
0.001022223
0.001021372
0.001013598
0.001011652
0.0009949806
0.001007138
0.0009851994
0.0009453595
0.0008633619
0.0008436576
0.0008237589
0.0007647115
0.0007045192
0.0007045192
0.0006559289
0.0006559289
0.0006401909
0.0006185797
0.0006112476
0.0006176922
0.0006227262
0.0006456053
0.0006554643
0.0006529058
0.0006694431
0.0006802644
0.0007175945
0.0007837421
0.0008308068
0.000938287
0.0008985782
0.0009243404
0.0009770376
0.0009847463
0.001119944
0.001290386
0.001340923
0.001340923
0.001495333
0.001495333
0.001718108
0.001718108
0.001737817
0.001811106
0.00180188
0.001843828
0.001834705
0.001862052
0.001833402
0.001830821
0.001863127
0.001890804
0.001933209
0.002003733
0.002112209
0.002228506
0.002369682
0.002476359
0.00259024
0.002615323
0.0027562
0.002837772
0.002903721
0.002903721
0.003026628
0.003026628
0.003024431
0.003024431
0.003024873
0.003027343
0.003010304
0.00303425
0.003046965
0.003050285
0.002990485
0.002932698
0.002886018
0.002787402
0.002748585
0.002642806
0.002562355
0.002438766
0.002396917
0.002205526
0.001960092
0.001762512
0.001646888
0.001646888
0.001521766
0.001481787
0.001396016
0.001396016
0.001424196
0.001411037
0.001442503
0.001434626
0.001443231
0.001490412
0.001550948
0.001631193
0.001775422
0.001903703
0.002089224
0.002209241
0.002387458
0.002552361
0.002732986
0.002917907
0.002975008
0.003033759
0.003140964
0.003244174
0.003267395
0.003267395
0.003359088
0.003359088
0.003515181
0.003515181
0.00359384
0.003680058
0.003657257
0.003689525
0.003706537
0.003741526
0.003873572
0.003876378
0.003978894
0.004040972
0.004035838
0.003982123
0.003908426
0.003833287
0.003725217
0.00364032
0.003535995
0.003565475
0.003590161
0.003590161
0.003589343
0.003589343
0.003583785
0.003583785
0.003597412
0.003656484
0.003723342
0.003779349
0.003850913
0.003793714
0.003733122
0.003670787
0.00370676
0.00375414
0.00376315
0.003789095
0.00377959
0.003791173
0.00376625
0.00383041
0.003945539
0.004098997
0.004201795
0.004356351
0.004478773
0.004478773
0.004690473
0.004690473
0.004788252
0.004788252
0.004837092
0.004886824
0.004816629
0.004803371
0.004788256
0.00477869
0.00478595
0.004815274
0.004870238
0.004934354
0.004919914
0.004919072
0.00489525
0.004845751
0.004811341
0.00470978
0.00470978
0.00447361
0.004258263
0.004258263
0.00398762
0.00398762
0.00377654
0.00377654
0.003561544
0.003448666
0.00332556
0.003213517
0.003121518
0.002994549
0.002880385
0.002833509
0.002732295
0.002662712
0.002624907
0.00257839
0.002540605
0.002478978
0.002410358
0.002328546
0.002259629
0.002246822
0.0022121
0.002204924
0.00218157
0.00218157
0.002156626
0.002156626
0.002128617
0.002128617
0.002121761
0.002111334
0.002109648
0.002118652
0.002135274
0.002146051
0.002179151
0.002195871
0.002250714
0.002307559
0.002324966
0.002336443
0.002368398
0.002364792
0.002415917
0.002421616
0.002452327
0.002463744
0.002481132
0.002481132
0.002482546
0.002482546
0.002435391
0.002435391
0.002405001
0.002379301
0.002356692
0.002335637
0.002279853
0.002275611
0.002238179
0.002244049
0.002231951
0.002231053
0.002215195
0.002189046
0.002116443
0.002052759
0.001940894
0.001780851
0.001608808
0.001380975
0.001172732
0.001024864
0.001024864
0.0009782694
0.001006518
0.001006518
0.001120529
0.001120529
0.001142131
0.001177462
0.001243141
0.00126735
0.001356827
0.001481851
0.001645876
0.001766377
0.00190517
0.002074029
0.002138069
0.00222802
0.002326577
0.002428072
0.00258004
0.002693167
0.002693167
0.002740795
0.002807481
0.002807481
0.00283513
0.002838577
0.002926639
0.002926639
0.002993123
0.002991924
0.002961978
0.002990519
0.002996756
0.003050227
0.003124028
0.003225735
0.003332494
0.003325605
0.003406491
0.003418017
0.003349423
0.003196705
0.003029054
0.002858167
0.002737733
0.002695886
0.002680004
0.002681073
0.002761154
0.002761154
0.002845749
0.002845749
0.002990636
0.002990636
0.003120261
0.003350316
0.003523279
0.003545178
0.003704701
0.003840774
0.003856611
0.003889921
0.003928497
0.003970989
0.003949672
0.003956167
0.0039676
0.003977555
0.003997519
0.00400342
0.003984109
0.003972812
0.00395247
0.00395247
0.003934667
0.003955832
0.003936118
0.003936118
0.003925682
0.003914603
0.003804602
0.003714859
0.003636004
0.003524588
0.003326104
0.003148967
0.002891236
0.002790357
0.002699709
0.002653045
0.00252339
0.002470089
0.002347531
0.002234989
0.002100071
0.002102439
0.002072444
0.002044294
0.001974736
0.001974736
0.001964007
0.001964007
0.001930677
0.001930677
0.001947173
0.001938888
0.001956155
0.002027432
0.002058438
0.002085518
0.002131139
0.002115922
0.002039631
0.00197646
0.001918226
0.001918967
0.001914309
0.001878688
0.001815847
0.001783257
0.001721193
0.001711378
0.001669027
0.001669027
0.001568812
0.001568812
0.001503211
0.001503211
0.00147776
0.00144984
0.001432657
0.001438074
0.001436399
0.001437675
0.001389279
0.001386093
0.001380055
0.00139213
0.001421474
0.001453482
0.001464998
0.001499873
0.001506356
0.001499814
0.001458397
0.001354716
0.001313767
0.001220068
0.001200667
0.001200667
0.001229281
0.001238515
0.001363589
0.001363589
0.001449668
0.001489035
0.001524379
0.001474614
0.001405378
0.001406641
0.001387996
0.001354583
0.001292228
0.00126358
0.001301338
0.001272711
0.001285182
0.001262335
0.001249534
0.001248434
0.001200962
0.001201632
0.001180282
0.001180282
0.001133333
0.001133333
0.001111989
0.001111989
0.001089919
0.001055279
0.001071936
0.00112126
0.001152735
0.001146667
0.001199559
0.001203745
0.001203662
0.00120325
0.001202557
0.001193974
0.001160387
0.001102549
0.001014354
0.0009742847
0.0009232225
0.0008912325
0.0008912325
0.0008172137
0.0008165619
0.0008165619
0.0008166532
0.0007750017
0.0007401215
0.0007401215
0.0007287098
0.0007771589
0.0008037871
0.0008278371
0.0009094212
0.00107203
0.001182872
0.001316191
0.001362916
0.00140401
0.001409147
0.001440889
0.001359463
0.001359463
0.001359463
0.001365403
0.00134634
0.001319082
0.001283321
0.001283321
0.001199557
0.001107465
0.0009880919
0.0009880919
0.0009389484
0.0008355993
0.000758169
0.0007102765
0.000741249
0.0007298307
0.000707158
0.0006697708
0.0006416322
0.0006222647
0.0006254165
0.0006870517
0.0007311967
0.0008538237
0.0009593875
0.000997029
0.001003361
0.001013445
0.001037174
0.001009532
0.0009329106
0.0009329106
0.0007743598
0.0007743598
0.0006856971
0.0006856971
0.0006917834
0.000702368
0.0006957991
0.0006743242
0.0006752881
0.0006789237
0.0006633697
0.0006215375
0.0006075713
0.0005716437
0.0005543259
0.0005335403
0.0005325036
0.0005341329
0.0005304001
0.0005348854
0.0005567366
0.0005606168
0.0005647628
0.0005647628
0.0005839068
0.0005839068
0.000616549
0.000616549
0.0006437619
0.0006659364
0.0006978333
0.0007396616
0.0007825823
0.000787565
0.0008208047
0.0008599461
0.0008560784
0.0008733689
0.0008748126
0.0008514713
0.00078831
0.0007601695
0.0007748284
0.0007557955
0.0007353342
0.0007348672
0.0007117694
0.0007133697
0.0007079095
0.0007079095
0.0007095687
0.0007247534
0.000796779
0.000796779
0.0008439182
0.0009236966
0.0008991777
0.0008863329
0.0008749502
0.0008837916
0.0008724997
0.0008731255
0.0008960381
0.0009180102
0.0009388736
0.0009446212
0.0009469409
0.0009118385
0.0009675538
0.0009992258
0.001046285
0.001040022
0.001036541
0.001036541
0.00108768
0.001027203
0.0009840314
0.0009840314
0.0009187249
0.0009300151
0.0008644093
0.0008395583
0.0008144685
0.0007887025
0.0007842997
0.0007760653
0.0008089124
0.0008149047
0.0008262263
0.0008319897
0.0008212298
0.0008153354
0.0007927259
0.000770766
0.000746998
0.0007311452
0.0006946337
0.0006563255
0.0006394996
0.0006394996
0.0006398225
0.0006398225
0.000658676
0.000658676
0.0006543208
0.0006678703
0.0006740685
0.0006621839
0.0006826824
0.0006828713
0.0006878633
0.0007218319
0.0007308865
0.0007435552
0.0007630734
0.0007470252
0.0007306836
0.0007335525
0.0007335525
0.0007987021
0.0008320818
0.0008597474
0.0008964876
0.0008964876
0.0009285595
0.0009285595
0.001009042
0.001009042
0.001047719
0.001098646
0.001118922
0.001136438
0.001147714
0.001168648
0.001151217
0.001153667
0.001140703
0.001127396
0.001085045
0.0009282207
0.0007981503
0.0007146749
0.0006452366
0.0005732326
0.0005269413
0.0005246805
0.0005386724
0.0005707894
0.0005806429
0.0005806429
0.0007801402
0.0007801402
0.0007942872
0.0007942872
0.0007920456
0.0007776953
0.0007339154
0.000728786
0.0007007601
0.0006705373
0.0006440214
0.0006688908
0.0006871852
0.0006795066
0.0006929698
0.0006804149
0.000670386
0.0006621348
0.0006788501
0.0006926351
0.0006926351
0.0006919869
0.0006663512
0.0006663512
0.0005941315
0.0005941315
0.0005805783
0.0005729565
0.0005630287
0.0005611103
0.0005548028
0.0005639998
0.0006384091
0.0007337392
0.0008207879
0.0009483096
0.001085061
0.001189527
0.001164566
0.001244256
0.001302435
0.001311017
0.001344435
0.001426655
0.001526859
0.001557512
0.00167313
0.001729731
0.001814198
0.001814198
0.001891096
0.001916069
0.002052081
0.002052081
0.002056452
0.00205993
0.001971302
0.001942807
0.001825765
0.001677059
0.001557242
0.001489134
0.001313161
0.001261748
0.001210495
0.001108091
0.001022522
0.0009803356
0.0009235277
0.0008962122
0.0008265697
0.0008257302
0.0008360842
0.0008360842
0.0009781638
0.0009781638
0.001164386
0.001164386
0.0012258
0.001349227
0.001388768
0.001378123
0.001381857
0.001402377
0.00145527
0.001520903
0.001649002
0.001787729
0.001937194
0.002082396
0.002197582
0.002363334
0.002500237
0.002510417
0.002638428
0.002582629
0.002592558
0.00258753
0.002576268
0.002576268
0.002472985
0.002472985
0.002421381
0.002421381
0.002414257
0.002399313
0.002453541
0.002480359
0.002479889
0.002475976
0.002507107
0.002452348
0.002385814
0.002254418
0.002179062
0.00207591
0.002011979
0.002007644
0.001929249
0.001947768
0.001844442
0.001818934
0.001772364
0.001772364
0.001731026
0.001731026
0.001736109
0.001736109
0.001756798
0.001818346
0.001875762
0.001992483
0.00210486
0.002212769
0.002210585
0.002200547
0.002225754
0.002229958
0.002208959
0.002206795
0.002154713
0.002100978
0.002054467
0.002066877
0.002014275
0.002035778
0.001981162
0.001972127
0.001972369
0.001972369
0.002020388
0.002020388
0.002184782
0.002184782
0.002223549
0.002324686
0.00241446
0.002466252
0.002569696
0.002595987
0.002699362
0.002715433
0.002744864
0.002779308
0.002747914
0.002683624
0.00260468
0.002495882
0.00241968
0.002454933
0.002383122
0.002347826
0.002304594
0.002304594
0.002424495
0.002424495
0.002533477
0.002533477
0.002553057
0.002566555
0.002547576
0.002586596
0.002604363
0.00263299
0.002711749
0.002716719
0.002706485
0.002674497
0.002686614
0.002694832
0.002756914
0.002815371
0.002950165
0.003069203
0.003298994
0.003577908
0.003688374
0.00372109
0.00375673
0.00375673
0.003798252
0.003798252
0.003858195
0.003858195
0.003863843
0.003816332
0.003725324
0.003610097
0.00346624
0.003456993
0.003404864
0.003419073
0.003396441
0.003346708
0.003392096
0.003406243
0.003452079
0.003506631
0.003613603
0.00371001
0.003711536
0.003682944
0.003679455
0.003679455
0.003630213
0.003630213
0.003663259
0.003663259
0.003663561
0.003688254
0.003812567
0.003990008
0.004132858
0.004354409
0.004584163
0.00457691
0.004518838
0.00451983
0.004530032
0.004567684
0.004505104
0.004513859
0.004480231
0.004376992
0.003994524
0.003740756
0.003601063
0.003598192
0.00350836
0.00350836
0.003169806
0.003169806
0.002917497
0.002917497
0.002878224
0.00284367
0.00287797
0.002862467
0.002902888
0.002944824
0.002867804
0.002812886
0.002794115
0.002849609
0.002852158
0.002897189
0.002940268
0.002998594
0.002980125
0.002954809
0.00293777
0.00296347
0.002974852
0.002974852
0.003095584
0.003095584
0.003152616
0.003152616
0.003154945
0.003188719
0.003205649
0.003247578
0.003284206
0.003303918
0.003287189
0.003201114
0.003107851
0.003013554
0.002920565
0.002851515
0.002828771
0.002775288
0.002773765
0.002739352
0.002636899
0.002654441
0.002656524
0.002629927
0.002643404
0.002643404
0.002609611
0.002609611
0.002566379
0.002566379
0.002565632
0.002522067
0.00252968
0.002470482
0.002470482
0.002461061
0.00242665
0.00242084
0.002445127
0.002475637
0.002482639
0.0025229
0.002510571
0.002447416
0.002360227
0.002297652
0.002290017
0.002319181
0.002316197
0.002316197
0.002304111
0.002304111
0.002283106
0.002236487
0.002243593
0.002207451
0.002205473
0.002265485
0.002367788
0.002391652
0.002437459
0.002434586
0.002463663
0.002481248
0.002495585
0.00254476
0.00261133
0.002673744
0.002674688
0.002631265
0.002598584
0.002564597
0.002493594
0.002445495
0.002448372
0.002448372
0.0024651
0.0024651
0.002532023
0.002532023
0.002554602
0.002568449
0.002576346
0.002674449
0.002719798
0.002777821
0.002823991
0.002860189
0.002936371
0.003028113
0.003027363
0.003057329
0.003059603
0.002961816
0.002814442
0.002783042
0.00255732
0.002405458
0.002379592
0.002379592
0.002377675
0.002377675
0.002364437
0.002364437
0.002374915
0.002374865
0.002474351
0.00256802
0.002698029
0.002799596
0.002887969
0.00290181
0.00294691
0.002952405
0.002971599
0.003015339
0.003015569
0.003012291
0.003039948
0.003057091
0.003063443
0.003036397
0.003005851
0.002963698
0.002953124
0.002953124
0.002942163
0.002942163
0.002940578
0.002940578
0.002967254
0.002968697
0.002963704
0.002942458
0.00291889
0.00292383
0.002941583
0.002925119
0.002852284
0.002795196
0.002559432
0.002445213
0.002441472
0.002371111
0.002274347
0.002271154
0.002157573
0.002107602
0.002068521
0.002068521
0.001923039
0.001809089
0.001735165
0.001735165
0.001708865
0.001678774
0.001702002
0.001784382
0.001906847
0.001986046
0.00204951
0.002072796
0.002179078
0.002239735
0.002298997
0.002382003
0.00235857
0.002411027
0.002406057
0.002393294
0.002305469
0.00225352
0.002194956
0.002145053
0.002045592
0.002045592
0.001964077
0.001964077
0.001979482
0.001979482
0.002051905
0.002061251
0.00210171
0.002143885
0.002246008
0.002367736
0.00259601
0.002678666
0.002734724
0.002922605
0.002994217
0.002903186
0.002872703
0.002892522
0.002955759
0.0029808
0.0029808
0.00304798
0.003035689
0.003035689
0.003001935
0.003001935
0.002972997
0.002972997
0.002942231
0.002951669
0.002925773
0.002897799
0.00291376
0.002910141
0.00288484
0.002888347
0.002907988
0.00290753
0.002911427
0.002903123
0.002904356
0.002904836
0.00296464
0.003147195
0.003147195
0.003469622
0.003443639
0.003465362
0.003426349
0.003426349
0.003331224
0.003331224
0.003185248
0.003185248
0.003084603
0.002958825
0.002941984
0.002978923
0.002895
0.002835034
0.002834035
0.002855064
0.002864446
0.002950978
0.002987449
0.003099811
0.003158294
0.003280475
0.003344582
0.00340866
0.003521966
0.003550446
0.00365017
0.00365017
0.003901127
0.003901127
0.004126375
0.004166712
0.004166712
0.004301379
0.00426374
0.004205058
0.00407291
0.00397812
0.003865994
0.003731075
0.003764093
0.003624738
0.00349859
0.003267384
0.003099099
0.002952782
0.003043051
0.003000115
0.00293888
0.002845698
0.002846725
0.002844672
0.00282897
0.00282897
0.002810445
0.002810445
0.002831044
0.002831044
0.00287525
0.002930476
0.002911184
0.002918181
0.002918257
0.002909222
0.002892492
0.002879587
0.002862969
0.002799816
0.002768725
0.002730134
0.002727771
0.00266157
0.002615683
0.002583284
0.002514883
0.002464758
0.002374056
0.002374056
0.002216948
0.002216948
0.002096512
0.002096512
0.00206509
0.001997554
0.001976132
0.001850865
0.001801964
0.001713204
0.001664411
0.001660255
0.001673212
0.001693644
0.001790521
0.001933415
0.002227521
0.002432704
0.002532966
0.002675288
0.002818122
0.002878214
0.002851576
0.003096997
0.003335801
0.003335801
0.003708561
0.003708561
0.00387334
0.00387334
0.004070419
0.004101268
0.004142113
0.004148398
0.004224333
0.004277752
0.004318574
0.004363301
0.004384493
0.004410166
0.004418002
0.004431023
0.004490456
0.004553543
0.004551157
0.004682512
0.004764658
0.0048779
0.004930999
0.004976979
0.004990199
0.005157695
0.005461553
0.005733293
0.006444709
0.006675671
0.006881957
0.00702445
0.007428603
0.007642834
0.007728771
0.007785791
0.007860661
0.008020334
0.007947288
0.007940377
0.007895408
0.00779054
0.007831619
0.007844347
0.008215027
0.008329668
0.008426628
0.008510524
0.008734107
0.008739755
0.008716646
0.008765253
0.008757121
0.008777234
0.008812957
0.008937063
0.009116905
0.009370141
0.009685988
0.00989735
0.009864261
0.009749045
0.009753576
0.009605719
0.009460807
0.009207405
0.008885235
0.008550815
0.008319762
0.008460254
0.008598977
0.008634937
0.008913817
0.009018212
0.009438443
0.009499284
0.009343097
0.009251201
0.008774177
0.008372883
0.008011723
0.007504888
0.006970786
0.006581313
0.005896386
0.005492328
0.005260905
0.005014006
0.004642406
0.004524185
0.004406336
0.004329454
0.004282025
0.004265057
0.004244815
0.004277881
0.004329857
0.004389179
0.004468914
0.004498436
0.004523481
0.004584288
0.00466503
0.004680598
0.004731027
0.004802197
0.004795379
0.004809645
0.004811447
0.00481142
0.004792863
0.004790827
0.004772001
0.004790273
0.00481118
0.004816667
0.004805918
0.004802227
0.004796251
0.004787418
0.004787765
0.004806572
0.004818372
0.004842236
0.00485313
0.004844539
0.004841233
0.004818241
0.004839519
0.004853373
0.004876371
0.00490811
0.004944329
0.004987257
0.005028837
0.005189972
0.005259845
0.005381425
0.005599267
0.005718817
0.005758536
0.005793461
0.005863501
0.005955786
0.006039935
0.006051785
0.006093096
0.006147774
0.00620828
0.006259855
0.006315679
0.006345214
0.006332723
0.00632672
0.006296293
0.006245687
0.00615956
0.00616289
0.006140582
0.006121321
0.006109091
0.006090597
0.006107251
0.006233615
0.0065645
0.006787357
0.007048062
0.007269883
0.007621938
0.007655622
0.007617424
0.007656008
0.007642459
0.007638486
0.00771941
0.007757355
0.007758762
0.007779793
0.007735803
0.007672947
0.007591766
0.007514337
0.007435514
0.007371116
0.007161264
0.007113655
0.007044706
0.006974867
0.006959064
0.006967582
0.006986456
0.007097227
0.007182114
0.007346055
0.007489473
0.007554022
0.00751891
0.007504369
0.007555381
0.007572828
0.007604512
0.007581046
0.007534856
0.007557478
0.007483031
0.007359761
0.007309812
0.007233556
0.007204695
0.00721053
0.007234673
0.007266982
0.007259713
0.00730869
0.007322657
0.007298589
0.007175946
0.007057102
0.00691658
0.006790286
0.006750582
0.006677328
0.006552273
0.006466901
0.006247881
0.006216467
0.006201671
0.006140912
0.006136557
0.006072816
0.006031561
0.005985596
0.005989638
0.005973332
0.006004002
0.005998439
0.00598657
0.005997446
0.005992288
0.005992736
0.005998897
0.006000718
0.006004512
0.006004197
0.005971136
0.005963003
0.00595311
0.005928985
0.005871938
0.005768931
0.005757527
0.005750143
0.005752878
0.005744647
0.005768891
0.005794792
0.005828627
0.005878912
0.005916708
0.005908359
0.005914256
0.005950241
0.005904178
0.005898675
0.005846326
0.00580791
0.005755096
0.005676288
0.005566142
0.005480491
0.005357103
0.005213179
0.005208213
0.005115216
0.004963468
0.004776037
0.004733922
0.0046918
0.004683443
0.004661429
0.004679911
0.00476932
0.004934027
0.005137153
0.005759249
0.006035667
0.006157571
0.006396397
0.006457087
0.006661264
0.006746815
0.006785543
0.006847136
0.006880634
0.006985084
0.007016628
0.00703244
0.007061958
0.007004098
0.006938332
0.006849695
0.006728372
0.006535225
0.006480242
0.006359064
0.006098765
0.006024638
0.005829304
0.005634081
0.005575473
0.005440268
0.005196989
0.005104694
0.004965821
0.004823366
0.004799705
0.004734585
0.004590417
0.004572737
0.004552807
0.00454932
0.00457609
0.004643638
0.004690773
0.004897927
0.004961841
0.005015263
0.005106142
0.005246622
0.005325404
0.005375779
0.005398504
0.005449941
0.00545375
0.005459154
0.005460866
0.005471286
0.005487068
0.005485102
0.005498453
0.005520454
0.005532619
0.0055372
0.005553404
0.005550025
0.00550541
0.005471706
0.005421635
0.005310482
0.005262632
0.005175219
0.00510199
0.004997409
0.004844024
0.004602362
0.004382337
0.004259402
0.004256221
0.004178757
0.003986517
0.003987761
0.003844733
0.003762343
0.003680333
0.003594661
0.003583082
0.00353399
0.003480731
0.003394864
0.00339372
0.003398208
0.00341641
0.003482209
0.003481878
0.003531443
0.003612818
0.003672577
0.003753871
0.003927217
0.003979664
0.004024399
0.004043301
0.004094115
0.004119173
0.004147832
0.004133841
0.004138585
0.004116748
0.004096472
0.004098956
0.004108257
0.004101438
0.004122335
0.004121169
0.00417333
0.004204992
0.004194604
0.004191189
0.004205026
0.004208053
0.004228473
0.004249182
0.004252126
0.004283114
0.004227655
0.004189015
0.004151271
0.004065344
0.003946801
0.003872396
0.003847345
0.003806243
0.00381457
0.003764019
0.003651874
0.003576682
0.00356116
0.003515759
0.003477273
0.003465223
0.003454556
0.003447522
0.003451915
0.003433914
0.00341364
0.003415891
0.003435604
0.003472844
0.003541055
0.003580036
0.003561986
0.003583519
0.00358174
0.003613216
0.00365137
0.003656521
0.003655914
0.003669504
0.00365056
0.003647236
0.00363024
0.003624389
0.003621108
0.003608544
0.003624285
0.00366318
0.0036812
0.003691616
0.003707751
0.003824059
0.00383618
0.003910206
0.003928507
0.003907456
0.003893313
0.003894696
0.003903037
0.003896807
0.003882739
0.003886638
0.003873531
0.003882356
0.003882686
0.003885781
0.003904294
0.003897368
0.00392116
0.00392244
0.003918009
0.003928221
0.003949938
0.003955468
0.003975744
0.003969361
0.003963134
0.003972451
0.00399346
0.003982288
0.004014743
0.004034433
0.004060857
0.004085823
0.004090193
0.004101257
0.004213889
0.00426898
0.004351205
0.004423182
0.004454553
0.004486306
0.004539566
0.004646664
0.004650037
0.004663055
0.004644332
0.004633226
0.004651108
0.004651261
0.004643393
0.004640941
0.004650871
0.004676532
0.004690815
0.004678503
0.00458141
0.004558789
0.004511467
0.004497234
0.004604112
0.004636075
0.00462764
0.004679386
0.00471019
0.004622036
0.004537329
0.004453626
0.004388643
0.004311513
0.004146249
0.004057493
0.004049048
0.003995953
0.00395928
0.003947068
0.00389484
0.003864362
0.003825265
0.00376593
0.003732377
0.003653963
0.003649089
0.003641153
0.003658661
0.003659158
0.003668876
0.003665121
0.00365061
0.003597117
0.003566602
0.003524276
0.003485262
0.003442094
0.003437711
0.003388802
0.003330119
0.003290472
0.003283596
0.003280326
0.00327828
0.003283873
0.00334555
0.003383563
0.003409008
0.003413675
0.00340586
0.003389679
0.003366464
0.003362379
0.003356577
0.003301089
0.003302044
0.0032876
0.003281452
0.003279026
0.003264298
0.00324597
0.003213699
0.003217039
0.003288692
0.003315568
0.003364898
0.003414014
0.003442415
0.003468266
0.003521384
0.003541774
0.003527991
0.003600604
0.003629184
0.00369015
0.003734924
0.003798096
0.003840558
0.003877148
0.003866305
0.003875474
0.00389388
0.003855483
0.003852245
0.003966359
0.004018818
0.004064571
0.004112384
0.004114213
0.004124465
0.00412266
0.004117004
0.004146904
0.004143793
0.004144061
0.004165756
0.004187926
0.004221535
0.004207546
0.004220851
0.004230575
0.004226268
0.004228353
0.004043756
0.003899522
0.003769908
0.003650415
0.003600878
0.003652232
0.003736665
0.003749828
0.003735594
0.003733066
0.003783249
0.003854448
0.003876865
0.003920974
0.003928492
0.003891546
0.003744916
0.003639775
0.003519229
0.003420261
0.003406627
0.003361448
0.0032869
0.003255095
0.003246956
0.00322387
0.003220617
0.003197417
0.003193555
0.003209935
0.00330675
0.003379799
0.003431564
0.003503594
0.003557911
0.003624228
0.003752145
0.003822214
0.003872579
0.003891965
0.003884744
0.003892313
0.003890046
0.003898571
0.003862919
0.003867651
0.003826411
0.003775878
0.003744051
0.003706374
0.003670318
0.00365756
0.003666821
0.00368488
0.003698713
0.003726085
0.003819486
0.003879202
0.003923796
0.004045452
0.00421053
0.004314637
0.004384499
0.004468884
0.00452119
0.004532945
0.004579326
0.004627645
0.004656865
0.004680979
0.004703878
0.004697457
0.004671457
0.004621984
0.004571805
0.004511177
0.00440089
0.004398322
0.004380976
0.004378319
0.004455638
0.004527205
0.004591711
0.004701067
0.004864241
0.005045206
0.005348456
0.005526019
0.00565416
0.005785868
0.00600995
0.006030105
0.006066685
0.006138603
0.006213556
0.00626634
0.006382405
0.006398179
0.006413473
0.00645553
0.006384785
0.005974095
0.005769592
0.005474719
0.005281087
0.00500948
0.004737349
0.004581349
0.004431727
0.004417651
0.004323142
0.00427175
0.004254697
0.004246946
0.00421877
0.004190116
0.004142891
0.00411749
0.004114802
0.004096447
0.004056842
0.004021822
0.00399287
0.003949945
0.003892609
0.003845675
0.003801691
0.003748675
0.003707877
0.00364263
0.003558405
0.003532325
0.003519554
0.003475178
0.003434324
0.003381914
0.003349512
0.003294615
0.003259911
0.003233638
0.003177827
0.003131579
0.003113742
0.003072363
0.003043528
0.003024161
0.002948371
0.002882426
0.002806752
0.002676268
0.002680792
0.00263051
0.002563431
0.002464654
0.002449124
0.002473098
0.002535449
0.002590332
0.002692889
0.002862966
0.002939758
0.003219221
0.003327016
0.003364548
0.003412949
0.003492628
0.003587002
0.003610444
0.003658056
0.003705595
0.003770355
0.00381411
0.003834985
0.003837913
0.003830478
0.003819191
0.003818955
0.003808603
0.003799121
0.003787148
0.003778002
0.003745547
0.003727666
0.00371439
0.003706587
0.003696288
0.003701042
0.003809075
0.003881132
0.003928326
0.004046649
0.004133761
0.004211243
0.004211755
0.004197054
0.004199479
0.004199
0.004209575
0.00426887
0.004274526
0.004286215
0.004310586
0.004370508
0.004487416
0.004498796
0.004516322
0.0045147
0.004527065
0.004498482
0.004441152
0.004418472
0.004289936
0.004215861
0.004118083
0.004011138
0.00387352
0.003743753
0.003542595
0.003430813
0.003394392
0.003264309
0.003188791
0.003103621
0.002990732
0.002895295
0.002834358
0.00279313
0.002791046
0.002792542
0.002838731
0.003045679
0.003130618
0.00316606
0.003281769
0.003435508
0.00364491
0.004113005
0.004328107
0.004490486
0.004679827
0.004940231
0.00524078
0.00539786
0.005470873
0.005571087
0.005548414
0.005536356
0.005627688
0.005680643
0.005706712
0.00574387
0.00576061
0.005759953
0.005714288
0.00568987
0.005682331
0.005691394
0.005744044
0.005767821
0.005792629
0.005913731
0.006052616
0.00615959
0.006209359
0.006243508
0.006386118
0.006576359
0.006625526
0.006651795
0.006711032
0.006829316
0.006843765
0.006876662
0.006919414
0.006917783
0.006906331
0.006876979
0.006881022
0.0068389
0.006754219
0.006550764
0.006459648
0.006351523
0.006252018
0.006135828
0.006056517
0.005990313
0.005951594
0.005911731
0.005853383
0.005690722
0.005661015
0.005606405
0.005540766
0.005506433
0.005418691
0.005360775
0.005161166
0.005083232
0.005021389
0.00492939
0.004837543
0.004730747
0.004696271
0.004708162
0.004687922
0.00455858
0.004557045
0.004504988
0.004444099
0.004416596
0.004426883
0.004450069
0.004462244
0.004475093
0.004491421
0.004500966
0.004477493
0.004464732
0.004478286
0.004497923
0.004502275
0.004506558
0.00449781
0.004447889
0.004409212
0.004291432
0.004153514
0.004024008
0.003906355
0.003743802
0.003620376
0.003578051
0.003534622
0.003548842
0.003474724
0.003507043
0.003498389
0.003563632
0.003620754
0.003686497
0.003647001
0.003646362
0.003629843
0.003567439
0.00351332
0.003481103
0.0035126
0.003557978
0.003641052
0.003957449
0.004072411
0.004235697
0.004493757
0.004784057
0.004916599
0.005005141
0.004935862
0.004953069
0.004895646
0.004908687
0.004889914
0.004868977
0.004819929
0.004807701
0.004771087
0.004808651
0.004800147
0.004764751
0.004737658
0.004636182
0.004573084
0.004498565
0.00438928
0.004288475
0.004199552
0.004027069
0.00384817
0.003655852
0.003649234
0.003676985
0.003686642
0.003731125
0.003775562
0.003842049
0.003930222
0.004072319
0.004123352
0.004217101
0.004286616
0.004518291
0.004588305
0.004639882
0.004637084
0.004727291
0.004793413
0.00483033
0.0049576
0.005031167
0.00506306
0.00508101
0.005120727
0.005075829
0.005030195
0.004937755
0.004830691
0.004784313
0.004679236
0.004600571
0.004541299
0.004521648
0.004550052
0.004544276
0.004546417
0.004565529
0.00456193
0.004546877
0.004517288
0.004479109
0.00442795
0.004457272
0.004477213
0.004477802
0.00442968
0.004388968
0.004338564
0.004255912
0.004201771
0.004153718
0.004097275
0.004026726
0.004015263
0.00399945
0.003956258
0.003938515
0.003889789
0.00382164
0.003789666
0.003736377
0.003689231
0.00365113
0.003547119
0.003543391
0.00352254
0.003525738
0.003512439
0.00348134
0.003451625
0.003434059
0.003420874
0.003412269
0.003425105
0.003503177
0.00367316
0.00382409
0.003932522
0.004132729
0.004193315
0.004285973
0.004355535
0.004563421
0.004643173
0.004710963
0.004864288
0.004903161
0.004941471
0.005079424
0.005109459
0.005160029
0.005198296
0.005229699
0.005240466
0.005262518
0.005306462
0.005315876
0.005306157
0.005266776
0.005238432
0.005201856
0.00518263
0.005161395
0.005164403
0.005173944
0.005185347
0.00518602
0.005183391
0.005142337
0.005119327
0.005113707
0.005051436
0.004946394
0.004932829
0.004926707
0.004931331
0.004922973
0.004880846
0.004805443
0.00474134
0.004717189
0.004674742
0.004648408
0.004657694
0.004672439
0.004692907
0.004725511
0.00476254
0.004828891
0.004843744
0.004904647
0.004978167
0.005052429
0.00512469
0.00514887
0.005201356
0.005212148
0.005230465
0.005225982
0.00524599
0.005250948
0.005248625
0.00525524
0.00527028
0.005336204
0.005376176
0.005437966
0.005464844
0.005539685
0.005584872
0.0056253
0.005649652
0.00567444
0.005712943
0.00579843
0.005877328
0.005932758
0.00593206
0.005875375
0.005765191
0.005664147
0.00551157
0.005367369
0.005352993
0.005369132
0.005356385
0.005377314
0.00540159
0.005542192
0.005523813
0.005527325
0.005498287
0.005497629
0.005459082
0.005451952
0.005449264
0.005386762
0.005301036
0.005104807
0.004963469
0.004853406
0.004761319
0.004713978
0.004693052
0.004684078
0.004663137
0.004703231
0.00479598
0.004899737
0.004913037
0.00498292
0.005032777
0.005088106
0.005134983
0.005126514
0.005174972
0.005161643
0.005180277
0.005177526
0.005154015
0.005132782
0.005116749
0.00507366
0.005050268
0.005016305
0.005017646
0.005028828
0.005003209
0.004986424
0.004996088
0.005004694
0.004980321
0.004919728
0.004893729
0.004853165
0.004816954
0.004768353
0.004716801
0.004526221
0.004428911
0.004301577
0.004232602
0.004059846
0.004002795
0.004025445
0.003970648
0.003938176
0.003910533
0.003792829
0.003745989
0.003640772
0.003556665
0.003336545
0.003306994
0.003303879
0.003300961
0.003288493
0.003250585
0.0032015
0.003159981
0.003117819
0.003074647
0.003034247
0.003060448
0.003070221
0.003105546
0.003123802
0.00316032
0.003401947
0.003636897
0.003746489
0.00378804
0.003819783
0.003993434
0.004045973
0.004115716
0.004180387
0.004256509
0.004308507
0.004358725
0.004410406
0.004429427
0.004395074
0.004380808
0.004395319
0.004448057
0.004510404
0.004553682
0.004643645
0.004657221
0.004695639
0.004738767
0.004831593
0.004882257
0.00491707
0.004957526
0.00494192
0.004934596
0.004856332
0.004844259
0.00480102
0.004729282
0.00461176
0.004612862
0.004615587
0.004642609
0.004723537
0.00474437
0.00475195
0.004758113
0.004782259
0.004776462
0.004711322
0.004667822
0.004551259
0.004537543
0.004544032
0.004578338
0.004613443
0.004652377
0.004699448
0.004722798
0.004735109
0.004750713
0.004804391
0.004808606
0.004833244
0.004889929
0.004890735
0.00491261
0.004904843
0.004844084
0.004805027
0.004823716
0.004837412
0.004874589
0.004927721
0.004981495
0.004991787
0.005096516
0.005102648
0.005156304
0.005163919
0.005226701
0.005296694
0.005367801
0.005421356
0.00544598
0.005436677
0.005401538
0.005335973
0.005283683
0.005109115
0.005080978
0.005027378
0.004997029
0.004953653
0.004915299
0.00485699
0.004718964
0.004687774
0.004614762
0.004466982
0.004421759
0.004333404
0.004275002
0.004235325
0.004203197
0.004198767
0.004165713
0.004181049
0.004195526
0.00421385
0.004222548
0.004247895
0.004299168
0.004344414
0.004400247
0.00448356
0.004513938
0.004569058
0.004600968
0.004606254
0.004677786
0.004702032
0.004732626
0.004766432
0.004760905
0.004721794
0.004655694
0.004613599
0.00456187
0.004338297
0.004240043
0.004129194
0.004013192
0.003887806
0.003857275
0.003846197
0.003839082
0.00382862
0.003821106
0.003994816
0.00416084
0.004413319
0.004588536
0.004654726
0.004730507
0.004898173
0.004959301
0.005086695
0.005292936
0.005466968
0.0055124
0.005544335
0.005576513
0.005616183
0.005639486
0.005659536
0.005669493
0.005651206
0.005577735
0.005352924
0.005276967
0.005140105
0.005023743
0.00494893
0.004952837
0.004958329
0.004961961
0.00497292
0.005085986
0.005293032
0.005360555
0.00540531
0.005539639
0.005480721
0.00549203
0.005480027
0.005375731
0.005320269
0.005320662
0.005317494
0.005306
0.005292566
0.005258387
0.005257612
0.005264549
0.005386784
0.005435633
0.005533773
0.005617261
0.005694177
0.005688827
0.005710357
0.005779438
0.005811299
0.005845367
0.005909116
0.005912753
0.005945054
0.005955651
0.005961154
0.005961259
0.005978497
0.005978575
0.00596228
0.005916364
0.005773501
0.005787094
0.005781092
0.005780129
0.005811863
0.005804145
0.005774807
0.005684137
0.005585226
0.005504146
0.005348613
0.005318361
0.005286808
0.005286075
0.005308706
0.005325977
0.005278736
0.005229288
0.005206136
0.005196625
0.005406875
0.005513383
0.005546573
0.005569694
0.005652214
0.005618327
0.00560974
0.005550505
0.005488941
0.005398725
0.005303935
0.005295867
0.005180913
0.004980251
0.004887292
0.004866856
0.004973918
0.005033834
0.005055942
0.004983717
0.004650964
0.004492854
0.004375543
0.0041961
0.003706394
0.003454507
0.003184968
0.002857196
0.002674275
0.002526925
0.002404319
0.002484114
0.002647166
0.002991407
0.003446689
0.003584327
0.00387224
0.004023552
0.004016279
0.004228311
0.004282773
0.004187451
0.004225922
0.004210672
0.004102042
0.00393599
0.00376011
0.00360725
0.003442113
0.003370038
0.003278255
0.003329814
0.003395498
0.003462423
0.003807254
0.003984778
0.004297953
0.004450511
0.004496551
0.004514826
0.00458711
0.004751818
0.004919072
0.004944669
0.004939293
0.004924041
0.004903411
0.00479574
0.004635348
0.004589445
0.004354377
0.004241762
0.004225164
0.004255076
0.004325411
0.004326217
0.004286184
0.004253069
0.004271817
0.004273655
0.004305501
0.004567848
0.004620694
0.004675449
0.004603163
0.004592855
0.004533689
0.004461685
0.004359354
0.004349315
0.004391273
0.004341603
0.00418639
0.00404051
0.003907095
0.003856502
0.003875217
0.00384188
0.003821436
0.003777939
0.003617787
0.00362242
0.003611898
0.003643898
0.003771908
0.003954013
0.004182596
0.004734286
0.005016484
0.005464535
0.005662377
0.005755188
0.00593541
0.005870533
0.005698517
0.005756016
0.005749638
0.005745701
0.005707819
0.005710098
0.005826813
0.00588148
0.006054242
0.006148907
0.006746043
0.007142198
0.007724718
0.007915786
0.008168844
0.008231976
0.00836479
0.008376142
0.008438515
0.008623393
0.008971356
0.009212865
0.009519514
0.009715814
0.009754734
0.009925138
0.01033321
0.01053307
0.01091584
0.01133553
0.01188912
0.01180548
0.01186467
0.01221366
0.0121436
0.01210355
0.01187763
0.01184438
0.01177443
0.01173668
0.01161275
0.0114069
0.01098916
0.01058055
0.01053465
0.0106518
0.01109756
0.01118316
0.01145712
0.01146462
0.01153589
0.01144782
0.01143633
0.01143067
0.01136742
0.01131704
0.01098759
0.01078948
0.0107575
0.01076625
0.01084783
0.01087035
0.01093644
0.01095588
0.01105092
0.01114088
0.0113386
0.011412
0.01143865
0.01153041
0.01140311
0.01123907
0.01111304
0.01063241
0.01017368
0.01008963
0.01004069
0.01011962
0.01013149
0.0102635
0.01068736
0.01091677
0.0110223
0.01086828
0.01075632
0.01070395
0.01061385
0.01046615
0.01011797
0.009729469
0.009081709
0.008803991
0.008436449
0.008043245
0.007612743
0.007529825
0.007451244
0.007278724
0.007291127
0.007322724
0.006971069
0.006627483
0.006405884
0.006387197
0.006195781
0.006245017
0.006291546
0.006273519
0.006272841
0.006202415
0.006087924
0.006061647
0.006106454
0.006158123
0.006195837
0.006380465
0.007065636
0.007370729
0.007861191
0.008257463
0.008341776
0.008365091
0.008243577
0.008304467
0.008273127
0.008292618
0.008262651
0.00832862
0.008390163
0.008492101
0.008554055
0.00869629
0.008768803
0.00890553
0.008861283
0.008890871
0.008931788
0.008947074
0.008941281
0.008964812
0.008971594
0.008943374
0.008820626
0.00871327
0.008478128
0.008338377
0.007954262
0.007712434
0.007758875
0.007596263
0.007335916
0.007335916
0.007080208
0.007004817
0.006998397
0.006986941
0.007025644
0.00705826
0.007172841
0.007152707
0.007162064
0.007071082
0.006970129
0.006958269
0.006997152
0.007022748
0.006979369
0.006926021
0.006866264
0.006876737
0.006812493
0.006791029
0.006802714
0.006899165
0.007023239
0.007426369
0.007538848
0.007685421
0.008003846
0.008029764
0.008252542
0.00825134
0.008353168
0.008431648
0.008506916
0.008538028
0.008769302
0.008832738
0.008833591
0.008827854
0.008931772
0.008915374
0.008990748
0.008994929
0.009007827
0.009009714
0.008998902
0.009028986
0.009006048
0.009026841
0.009138041
0.009228762
0.009280744
0.009289755
0.009367922
0.009449353
0.009404877
0.009384078
0.009384358
0.009423243
0.009350828
0.009339159
0.009291696
0.009252959
0.009190094
0.009098284
0.009228108
0.009406306
0.009564606
0.009600241
0.01000547
0.01013557
0.01030303
0.01044147
0.01050659
0.01071123
0.01082192
0.01089285
0.01093488
0.01097995
0.01097821
0.01097393
0.01100013
0.01103354
0.01102046
0.01094427
0.01098229
0.01102592
0.01104549
0.01103124
0.01098668
0.01090517
0.01076156
0.01064727
0.0104102
0.01029836
0.01028765
0.01021763
0.01013338
0.01008975
0.009922851
0.009630829
0.009455544
0.009431832
0.009337387
0.009369728
0.009293409
0.00930531
0.00930952
0.009292336
0.009189358
0.009164405
0.009196195
0.009188844
0.009198186
0.009206755
0.009180576
0.009195207
0.009176085
0.009187841
0.0090438
0.00897635
0.008879572
0.008738393
0.008690096
0.008564386
0.008245467
0.008108651
0.007905648
0.007823743
0.0076019
0.007563306
0.007589351
0.007537265
0.007588211
0.007727429
0.007826515
0.007778067
0.007833743
0.007871638
0.008006354
0.008210395
0.008351525
0.008434349
0.008551021
0.008831758
0.008797461
0.008844535
0.009001553
0.009153185
0.009725837
0.009922726
0.009841108
0.00983658
0.009899587
0.009876117
0.009842113
0.009755815
0.00974282
0.009778888
0.009786239
0.009824443
0.0098798
0.009874299
0.009831837
0.009804022
0.00972924
0.009671262
0.009657353
0.009705654
0.009770084
0.009775531
0.009759308
0.009785987
0.009789748
0.009849071
0.009907068
0.0100225
0.009961562
0.01005124
0.01010003
0.01008896
0.01005908
0.01007113
0.01001277
0.01002436
0.009834556
0.009672477
0.009631576
0.009524707
0.009319521
0.009338506
0.009377528
0.009317275
0.009295791
0.009270119
0.009236053
0.009225653
0.009225755
0.009638979
0.009630771
0.009811825
0.01006071
0.0101738
0.01027018
0.01040892
0.01037438
0.01045586
0.01051501
0.01062908
0.01065104
0.01072601
0.0107516
0.01081402
0.0108396
0.01082667
0.01087883
0.01092955
0.0110008
0.01111154
0.01118458
0.01117533
0.01118213
0.01121767
0.01116251
0.01102892
0.01053817
0.01050219
0.01045692
0.01052886
0.01064797
0.01075678
0.01101486
0.01130852
0.01157043
0.01159357
0.01180128
0.0117369
0.01185882
0.01181929
0.01189515
0.01194534
0.0119804
0.01200335
0.01205269
0.01200401
0.01195351
0.01195235
0.01196196
0.01194586
0.0119836
0.01212825
0.01210908
0.01212003
0.01212825
0.01213071
0.01218534
0.0121978
0.01223498
0.01223121
0.01220106
0.01214093
0.01206852
0.01201202
0.01198222
0.01197339
0.01175309
0.01170937
0.0117158
0.0117025
0.01176817
0.01183509
0.01179968
0.01176939
0.01182776
0.01187296
0.01183203
0.01183181
0.01179752
0.01177426
0.01183019
0.01172395
0.01158194
0.01146918
0.01137129
0.01121138
0.01124862
0.01112286
0.01113852
0.01102226
0.0109324
0.01097817
0.01117164
0.01120816
0.01130493
0.01151844
0.01215375
0.01251155
0.01274441
0.01284421
0.01318487
0.01334269
0.01351275
0.01348587
0.01365169
0.01373535
0.01367715
0.01360648
0.01360977
0.01360193
0.01340483
0.01330047
0.01315515
0.01311831
0.01304518
0.01296217
0.01294809
0.01287655
0.01273438
0.0126296
0.01259858
0.01249871
0.01249133
0.01245108
0.0123045
0.01232888
0.01234651
0.01235615
0.01236612
0.01240519
0.01251173
0.0125491
0.01259252
0.01261932
0.0126392
0.01261887
0.01271521
0.01277551
0.01281656
0.01286232
0.01293139
0.01294564
0.01295847
0.01298431
0.01299828
0.01300152
0.01301527
0.01304249
0.01306323
0.01307218
0.01304791
0.01296441
0.01291655
0.01284739
0.01272889
0.01271678
0.01262539
0.01261611
0.01259452
0.01256803
0.01256877
0.01263229
0.01267461
0.01265289
0.0125935
0.01245657
0.01244694
0.01230892
0.01223671
0.01228723
0.01230471
0.01228001
0.01231025
0.0122696
0.01225076
0.01235932
0.01231925
0.01235996
0.01236376
0.01240744
0.01225249
0.01219349
0.01216016
0.0121884
0.01218079
0.01214405
0.01212137
0.01212015
0.01211217
0.01215995
0.0122936
0.0123582
0.01248597
0.01260908
0.01267906
0.01263869
0.01257899
0.01252651
0.01242726
0.01227565
0.01193179
0.01180024
0.01157804
0.01148583
0.01132527
0.01142973
0.01132789
0.01132594
0.01129226
0.01125025
0.01117373
0.01117181
0.01117547
0.01120723
0.01123548
0.0112397
0.01126618
0.01133761
0.01140439
0.01156141
0.0117871
0.01190817
0.01199928
0.01199928
0.01215472
0.01208241
0.0120526
0.01202547
0.01200404
0.0119878
0.01199302
0.01204114
0.01205363
0.01202467
0.01196251
0.01196505
0.01215319
0.01235326
0.01242292
0.01255298
0.01260253
0.0126196
0.01267425
0.0126747
0.01266182
0.01264778
0.0125983
0.01256093
0.01246005
0.01241903
0.01232562
0.01223638
0.01222829
0.01215751
0.01217028
0.01212985
0.01207108
0.01206437
0.01204949
0.01202889
0.01205577
0.01224582
0.01229335
0.0123851
0.01254379
0.01262846
0.01286176
0.01303455
0.01341578
0.0137039
0.01383797
0.0138154
0.01374147
0.01372057
0.01361418
0.01350826
0.01322781
0.0129636
0.01282614
0.01254983
0.01242023
0.0123251
0.0123432
0.01204454
0.01185699
0.01160542
0.01105505
0.01075196
0.01071413
0.01072686
0.01061632
0.01053608
0.0105306
0.01048698
0.01036789
0.01034016
0.01024612
0.010197
0.01015329
0.01005356
0.009850371
0.009847105
0.009846658
0.009864907
0.009889058
0.009933453
0.009951308
0.009917339
0.009989848
0.009959487
0.009929168
0.00992148
0.009908076
0.009951096
0.009852824
0.009869573
0.009675702
0.009522432
0.00952195
0.009534444
0.009330751
0.009205978
0.009169372
0.009219469
0.009086774
0.009110261
0.009095321
0.009114049
0.009042301
0.009017527
0.009116682
0.009127915
0.009127531
0.009185208
0.009253436
0.009223075
0.0091764
0.009141512
0.009161348
0.009117878
0.009111899
0.009100087
0.0090672
0.008939059
0.008948213
0.008856051
0.008855668
0.008843863
0.008833973
0.008822992
0.008928608
0.009128585
0.009242719
0.009557366
0.009980087
0.01044485
0.01107587
0.01139198
0.01150762
0.01147469
0.01193103
0.01219984
0.01236501
0.01228628
0.01236713
0.01235706
0.01233554
0.01237628
0.01241956
0.01239721
0.01238563
0.0124113
0.01251562
0.01255546
0.0126132
0.01268101
0.01288923
0.01309274
0.01325952
0.01324454
0.01328836
0.01333092
0.01331019
0.01322956
0.012947
0.0127236
0.01253063
0.01249662
0.01246145
0.01231315
0.01218704
0.01199809
0.01197314
0.01199591
0.01197212
0.0118762
0.0114118
0.01106237
0.01062576
0.01035078
0.01054658
0.01059274
0.01074568
0.01095621
0.01116861
0.0111379
0.01106638
0.0111178
0.01107742
0.011092
0.01127664
0.0113651
0.01143522
0.01151561
0.01152826
0.01151257
0.01138494
0.0112404
0.01115541
0.01104444
0.01101308
0.01099503
0.01099177
0.01097164
0.01092965
0.01070016
0.01070252
0.01058517
0.01052557
0.01049292
0.01047618
0.01046555
0.0104426
0.01037383
0.01032674
0.01027859
0.01029418
0.01036707
0.01042274
0.01055077
0.01111492
0.01128472
0.01153312
0.01181671
0.01218161
0.01226809
0.01235423
0.01199051
0.01174221
0.01140989
0.01093036
0.01052838
0.009885337
0.009073691
0.008571912
0.008231965
0.007313401
0.007037465
0.007072092
0.007454431
0.007726667
0.007822752
0.007863832
0.00787164
0.007842892
0.007884162
0.007935381
0.007910134
0.007869302
0.007931972
0.008112552
0.008151661
0.008299715
0.008538995
0.008849837
0.009144249
0.00954517
0.009514148
0.009469224
0.009555658
0.009527882
0.009578233
0.009675724
0.009847019
0.009863284
0.009876907
0.009918163
0.009962606
0.01004761
0.01013205
0.01024867
0.01033242
0.01037956
0.01038584
0.01040399
0.0104309
0.01054172
0.01074179
0.01105413
0.01128301
0.01158936
0.01203534
0.01233822
0.012453
0.01253902
0.0127364
0.01295121
0.01301589
0.01292316
0.01294651
0.01296949
0.0129579
0.01289401
0.01280039
0.01281849
0.01272338
0.01259787
0.0125014
0.01237897
0.01234359
0.01234808
0.01228105
0.01217363
0.01197682
0.01172636
0.01136173
0.01085007
0.0103998
0.01017994
0.009993997
0.009967474
0.01004671
0.01005863
0.01006448
0.01006561
0.01001303
0.00984639
0.009759181
0.009682924
0.009622255
0.009725108
0.009724005
0.009699593
0.009690684
0.009627857
0.00954795
0.009503282
0.009345867
0.009063113
0.008847009
0.008553574
0.008303261
0.007871325
0.007667731
0.007667863
0.007464078
0.007092739
0.006989215
0.006972135
0.006851954
0.006662522
0.006503172
0.006315988
0.006174482
0.005832654
0.005361261
0.004936206
0.004765545
0.004645586
0.004578959
0.004306527
0.004262884
0.004098887
0.003883806
0.003710088
0.003593387
0.003574793
0.003546022
0.003547542
0.003566535
0.003657522
0.003778234
0.003847414
0.00403785
0.004107496
0.004267606
0.004437987
0.004543937
0.004676193
0.004763296
0.004905736
0.005219914
0.005144551
0.005144551
0.005124392
0.005164931
0.005180129
0.00517271
0.005215584
0.005239391
0.00532504
0.00545822
0.005569625
0.005602869
0.005587224
0.005635518
0.005687873
0.005667668
0.005745726
0.005840713
0.005858458
0.005871652
0.005891164
0.005883961
0.005889494
0.005865993
0.005859142
0.005897301
0.006033774
0.006224294
0.006450233
0.00684521
0.007118651
0.00731373
0.007512896
0.007522572
0.007583571
0.007518026
0.007468875
0.007502599
0.007439421
0.007348675
0.00724033
0.007210655
0.007143781
0.007123203
0.006900891
0.006824346
0.006671378
0.00652064
0.006376943
0.005849442
0.005572203
0.005090872
0.004804898
0.004596309
0.004690457
0.004463804
0.004324911
0.004167203
0.004055534
0.003976746
0.003885294
0.003813761
0.003698569
0.003684029
0.003720864
0.003729393
0.00376822
0.003843317
0.003958828
0.004064533
0.004112082
0.004184231
0.004212136
0.00429785
0.004393975
0.00439193
0.004415578
0.004380477
0.004260178
0.004193876
0.00402315
0.003765841
0.003502435
0.003203305
0.002755381
0.002785297
0.002727175
0.002713988
0.002753546
0.002780625
0.002809877
0.002853827
0.002854062
0.002849028
0.002913246
0.002945797
0.002994864
0.003053136
0.003234582
0.003321498
0.003377542
0.003431326
0.003443304
0.003458214
0.003537526
0.003570493
0.0036879
0.00377368
0.003898355
0.00398391
0.004024862
0.00404869
0.004126417
0.004158147
0.004214196
0.004275264
0.004281382
0.004314946
0.004340727
0.004396067
0.004477459
0.004514494
0.004606649
0.004638203
0.004669078
0.004693721
0.004920019
0.005132369
0.005308145
0.005381954
0.005463266
0.005497556
0.005478763
0.005495208
0.005500928
0.005468233
0.005420135
0.005346979
0.00525463
0.005200119
0.005163146
0.005119874
0.005066359
0.005054811
0.00505377
0.005054105
0.005034823
0.0050063
0.004983752
0.004965039
0.004979193
0.004983527
0.005020002
0.005041744
0.004998448
0.005082323
0.005144049
0.005205119
0.005329132
0.005367075
0.005392613
0.005525401
0.005552931
0.00556962
0.005619874
0.005632574
0.005678865
0.005756009
0.00576146
0.005747547
0.005724474
0.005708659
0.005719518
0.0057281
0.005887322
0.006022742
0.006244016
0.006455832
0.006918706
0.007047975
0.007190847
0.007332978
0.007367262
0.007362563
0.007401484
0.007626946
0.007649031
0.007717719
0.007729149
0.007721384
0.007655405
0.007479517
0.007421196
0.007322667
0.007019603
0.006885564
0.006759699
0.006653394
0.006544223
0.006274404
0.006055308
0.005886289
0.00588857
0.005883761
0.005877424
0.005784635
0.005740605
0.005707625
0.00566408
0.00567494
0.005700455
0.005756787
0.005878075
0.005938924
0.006044467
0.006130698
0.006170551
0.006183415
0.006217078
0.00621376
0.006194633
0.006158438
0.005972614
0.005810113
0.005601569
0.005515732
0.005459776
0.005425012
0.005401482
0.005377967
0.005352336
0.005330152
0.005444773
0.00558357
0.005910129
0.006131961
0.006329257
0.006560478
0.006934784
0.006886667
0.00689612
0.006965742
0.007021204
0.00710332
0.007286328
0.007374905
0.007480187
0.00749157
0.007595292
0.007696322
0.00770955
0.007721343
0.007725446
0.007740499
0.007707766
0.007714987
0.007633603
0.007559342
0.007490296
0.007502603
0.007508858
0.007477094
0.007454245
0.007435603
0.007412708
0.007391334
0.007361296
0.007323906
0.007242731
0.007276829
0.007360291
0.007405699
0.007456008
0.007509466
0.007517523
0.007512489
0.007488061
0.007490038
0.007545001
0.007521295
0.007524219
0.007547071
0.007545745
0.007537058
0.007491385
0.007492528
0.007488216
0.007493275
0.007562505
0.007580992
0.007588572
0.007585873
0.007621478
0.007629906
0.007619594
0.007627056
0.007737859
0.007928304
0.008255339
0.008323454
0.008399154
0.008449635
0.008480069
0.008503053
0.008518611
0.008506668
0.008438297
0.008205639
0.008240226
0.008175248
0.008063356
0.007895651
0.007765559
0.007692566
0.007534453
0.007388799
0.007263064
0.007230917
0.007258795
0.007308488
0.007493463
0.007589425
0.007621436
0.007674422
0.00779864
0.00782424
0.007864313
0.007823211
0.007727792
0.007759201
0.007764241
0.007748434
0.007735505
0.007732132
0.007710762
0.00769465
0.007789035
0.007903134
0.007963463
0.008009062
0.008124906
0.008172829
0.008253999
0.008421772
0.008464484
0.008458236
0.008459922
0.008442177
0.008277041
0.00817506
0.008088822
0.007954241
0.007866781
0.007741527
0.007499776
0.007457779
0.007367843
0.007385835
0.007367457
0.007367947
0.007350789
0.007312127
0.007292589
0.007248706
0.007089807
0.007089807
0.006841999
0.006731081
0.006388452
0.006283069
0.006142621
0.005974514
0.005863387
0.005711991
0.005508868
0.00540782
0.005262992
0.005182482
0.005149947
0.005067806
0.005031577
0.004974251
0.004914044
0.004874561
0.004783053
0.004753414
0.004715589
0.004698401
0.004706534
0.004756252
0.004776682
0.004780745
0.004772167
0.004768861
0.004749803
0.004661255
0.004598431
0.004540729
0.00438754
0.004392418
0.004381584
0.004306382
0.004255121
0.004193383
0.004187834
0.004162595
0.004137144
0.004118575
0.004204004
0.004248521
0.004352684
0.004433399
0.004515821
0.004547475
0.00467046
0.004771146
0.004878274
0.004971633
0.005130278
0.005261444
0.005337627
0.005435351
0.005477986
0.005518267
0.005628054
0.005701591
0.005748688
0.005820917
0.006008023
0.006113419
0.006252548
0.006397888
0.006490915
0.006581979
0.006712991
0.006738537
0.006782901
0.006783079
0.006759185
0.006730075
0.006603366
0.006483613
0.006297007
0.00611258
0.005998981
0.005953706
0.005867283
0.005743637
0.005675628
0.005611205
0.005528198
0.005449456
0.005448692
0.005442623
0.005469307
0.005495452
0.005490636
0.005506787
0.005499198
0.005313969
0.005234187
0.005152749
0.005019729
0.004892351
0.004787317
0.004759353
0.004665053
0.004608651
0.004601058
0.004578056
0.004567328
0.004547141
0.004580813
0.004590262
0.004656536
0.004633866
0.004638765
0.004641188
0.004639141
0.004631818
0.004646217
0.004648903
0.004647055
0.004607674
0.004590845
0.004561976
0.004536823
0.004519867
0.004468737
0.004431537
0.004374464
0.004292077
0.00422382
0.004164769
0.004115384
0.003978741
0.003958149
0.003873245
0.003574152
0.003460437
0.003368205
0.003247679
0.003166945
0.003078005
0.003038389
0.003034882
0.002995513
0.002999753
0.002984055
0.002959246
0.002957249
0.002986388
0.002995023
0.002991052
0.002965805
0.002965165
0.002966151
0.002945954
0.002921493
0.002858407
0.002808159
0.002762338
0.002716897
0.002689549
0.002644252
0.002629252
0.002630766
0.002633129
0.002631372
0.002629661
0.002628016
0.002611016
0.00259459
0.002570175
0.002469816
0.002445615
0.002398414
0.002386104
0.002283364
0.002255571
0.00221892
0.002202338
0.002176333
0.002184255
0.002186272
0.002177132
0.002162326
0.00218702
0.002196633
0.00221617
0.002207235
0.002213695
0.002229078
0.002278412
0.002407375
0.002414137
0.002424991
0.002456629
0.002489781
0.002549763
0.002561214
0.002582452
0.002567247
0.00256608
0.002606588
0.002613402
0.002627382
0.002619414
0.002685565
0.002758692
0.002788651
0.002854329
0.002884979
0.00291644
0.002977473
0.003090223
0.003166852
0.003250331
0.003267267
0.003273925
0.003271865
0.003285657
0.003278299
0.003308962
0.003282107
0.003257551
0.003279756
0.003273681
0.003288287
0.003379451
0.003471408
0.003628059
0.003765682
0.003935645
0.004161675
0.004280892
0.004413055
0.004452575
0.004589278
0.004609846
0.004637256
0.004713837
0.004768366
0.004836306
0.004927508
0.004921902
0.004922068
0.004899417
0.004711751
0.00461706
0.004480952
0.004508246
0.004531265
0.004559302
0.004694654
0.004665173
0.004627625
0.004544627
0.004242552
0.004192154
0.004148332
0.004190376
0.004175017
0.004025132
0.003736573
0.003660438
0.003469025
0.003291961
0.003224528
0.003185348
0.003132333
0.003182533
0.003206396
0.003245114
0.00324334
0.003229567
0.003244716
0.003266484
0.00329836
0.003340045
0.003439348
0.003582424
0.003728245
0.003881844
0.004159974
0.004376047
0.004576865
0.004903527
0.005354274
0.00556421
0.005734028
0.005747218
0.005769467
0.005705038
0.005645361
0.005613042
0.005584831
0.005518374
0.005520544
0.00542658
0.005319516
0.005283393
0.005302007
0.005300319
0.005367873
0.005392623
0.005411793
0.005556992
0.005777973
0.005833495
0.005977069
0.006104422
0.006251374
0.006291995
0.006312259
0.006421691
0.006443918
0.006435267
0.006473572
0.006479754
0.006464215
0.006498332
0.006519496
0.006522089
0.006572796
0.006620323
0.006665302
0.006731097
0.006821918
0.006764921
0.006683141
0.006632532
0.006593495
0.006584181
0.006513504
0.006538227
0.006557215
0.006588929
0.006588929
0.006591007
0.006579571
0.006579095
0.006652747
0.006729382
0.00673477
0.006737389
0.006770234
0.006810553
0.006911486
0.007003287
0.007097323
0.007119663
0.007112407
0.007092158
0.006826231
0.006798216
0.006775722
0.006758847
0.006749279
0.006742899
0.006742523
0.0067244
0.006743818
0.006720137
0.006746571
0.006739179
0.0067226
0.006717787
0.006706487
0.006592366
0.006505481
0.006287939
0.006231604
0.006126679
0.006170296
0.006148676
0.006094971
0.006083206
0.006032166
0.006012308
0.005947337
0.005912251
0.005924603
0.005952777
0.006038559
0.006079393
0.006111556
0.006133337
0.006032738
0.005918144
0.005787982
0.005647175
0.005557162
0.005483233
0.005305198
0.005358014
0.005350371
0.005263731
0.005256885
0.005253803
0.005278563
0.005325173
0.005266143
0.005227056
0.005047456
0.004362145
0.003981118
0.00366268
0.003072996
0.002890878
0.002848927
0.002767815
0.002672687
0.002555244
0.002698545
0.002757233
0.002767417
0.002870305
0.003097075
0.00332424
0.003458889
0.003632706
0.003751641
0.003919997
0.003949807
0.003905443
0.003905907
0.003938278
0.003970868
0.004045725
0.004051755
0.004076959
0.004089496
0.004086048
0.004087887
0.004088722
0.00406302
0.00404691
0.00403965
0.004055204
0.004077403
0.00410568
0.004143766
0.004148252
0.004150038
0.004155545
0.00416035
0.00416952
0.004159309
0.004137483
0.004113059
0.004128539
0.004135622
0.0041463
0.004138893
0.004155739
0.004185599
0.004214391
0.004282604
0.004309135
0.004347498
0.004409065
0.004488287
0.004568806
0.004622668
0.004721418
0.004752984
0.004763313
0.00478289
0.004816558
0.004813968
0.004794992
0.004742377
0.004688958
0.004627179
0.004614036
0.004612762
0.004655872
0.004785792
0.004818065
0.00507973
0.005122148
0.005244717
0.005338338
0.005402915
0.005489826
0.005511806
0.005604787
0.005874265
0.006028026
0.006299499
0.006839711
0.007150417
0.007299364
0.008536126
0.009205329
0.009539477
0.01011685
0.01115714
0.01126334
0.01140796
0.0114725
0.01146111
0.01156696
0.01158763
0.01164012
0.01170783
0.01169014
0.01156837
0.01142664
0.01126583
0.01111055
0.01117418
0.01115975
0.01116393
0.01123486
0.01115925
0.0111018
0.01093779
0.01043543
0.01026846
0.009991771
0.009742696
0.009486556
0.009152816
0.009264316
0.009207889
0.009215206
0.009237795
0.00921219
0.009174938
0.009127008
0.009068698
0.00898206
0.008785383
0.008642848
0.00844486
0.008421117
0.008092226
0.008042817
0.007957784
0.007861104
0.007874529
0.007807822
0.007862024
0.007841233
0.007838105
0.00784357
0.007903958
0.008062637
0.00821581
0.008254822
0.008383724
0.008610745
0.008912171
0.008853774
0.008843603
0.008773042
0.008494592
0.008283422
0.007991933
0.007938357
0.007792056
0.007483919
0.006833672
0.00670045
0.006604632
0.006913543
0.007294092
0.007552524
0.008064301
0.008545158
0.008920121
0.009233326
0.009709408
0.00947916
0.009209773
0.009057348
0.008681006
0.008535267
0.008283681
0.008215089
0.008177784
0.008092158
0.00804291
0.007784695
0.007671491
0.007586506
0.007618898
0.007534077
0.007488371
0.007392348
0.00730481
0.007201153
0.007154408
0.007163599
0.007130162
0.007198152
0.007319189
0.007340651
0.007398394
0.007369685
0.00737398
0.007328433
0.007397022
0.007566121
0.007798665
0.008017706
0.008131113
0.008144744
0.00813211
0.00816894
0.008203696
0.008231515
0.008264408
0.008264408
0.008402976
0.008433591
0.008451293
0.008434167
0.008407475
0.008474795
0.008621148
0.0087903
0.009007557
0.009474588
0.009800459
0.01005335
0.01016117
0.01029631
0.01020644
0.01029347
0.01044862
0.01057952
0.01077613
0.01082287
0.01092796
0.01090029
0.01100986
0.0111152
0.01120849
0.01137376
0.01162722
0.01178468
0.01185835
0.01190597
0.01189461
0.01189258
0.01193359
0.01208384
0.01211141
0.01224862
0.0123235
0.01242263
0.01256513
0.01267331
0.01273716
0.01280098
0.01284876
0.01282
0.01281235
0.01279491
0.01270964
0.01262072
0.01224759
0.01195272
0.01177915
0.01157009
0.01129641
0.01103018
0.01075546
0.01051284
0.0104485
0.01048882
0.01049501
0.01051807
0.01048604
0.0104909
0.01045727
0.01042648
0.0104337
0.0104561
0.01050885
0.01054334
0.01055666
0.01051672
0.01053543
0.01057143
0.01056578
0.01057412
0.01056955
0.01062531
0.01065072
0.01067667
0.01068305
0.01065135
0.01066335
0.01068868
0.01067331
0.01062527
0.01057152
0.01056641
0.01059271
0.01059688
0.010557
0.0105684
0.01061258
0.01070795
0.01090946
0.01091221
0.01087072
0.01087509
0.01087938
0.01095422
0.01089861
0.01084068
0.01075912
0.01067386
0.01051377
0.01000853
0.009830875
0.009510223
0.009103005
0.008744433
0.008233671
0.007968121
0.007917765
0.007848394
0.007674936
0.00755898
0.007432032
0.007250112
0.007109317
0.007008402
0.006788332
0.006815476
0.006824951
0.006743407
0.006766747
0.00677707
0.006778398
0.006786189
0.006902574
0.007107999
0.007588195
0.007829786
0.008031716
0.008373925
0.008901414
0.00907129
0.009239081
0.009535355
0.009689256
0.00995928
0.01007032
0.01034401
0.0103132
0.0102767
0.0104888
0.01054125
0.01055039
0.01057707
0.01054628
0.0105079
0.01047772
0.01031778
0.01034131
0.0103198
0.01027315
0.01023765
0.01019285
0.0100863
0.01005761
0.009966605
0.009578643
0.009578643
0.009272347
0.00914566
0.00895256
0.008661464
0.008582582
0.008624309
0.0086423
0.008652452
0.008698871
0.008660446
0.00868462
0.008750299
0.008905698
0.009041181
0.009223108
0.009428502
0.009565377
0.009604797
0.009784918
0.009900093
0.009999398
0.01000762
0.01009831
0.01011403
0.01018277
0.01032428
0.01049304
0.01062475
0.01066939
0.01067972
0.01068532
0.01067842
0.01055443
0.01042184
0.01033757
0.0101732
0.01011052
0.0100887
0.009934452
0.009874435
0.009716603
0.009740787
0.009698726
0.009594929
0.009583814
0.00950253
0.009503467
0.009517694
0.009559332
0.00955358
0.009519101
0.00948591
0.009410704
0.009388288
0.009338675
0.009258064
0.009150852
0.00902603
0.008845037
0.00863811
0.008547122
0.008524788
0.008488848
0.008463028
0.008457853
0.008411018
0.008436031
0.008449756
0.008488469
0.008542661
0.008556072
0.008564573
0.008529395
0.008521446
0.00851358
0.008533591
0.008552195
0.008569861
0.008604066
0.008584555
0.008581121
0.008571834
0.008556653
0.008616088
0.008724525
0.00889535
0.009002668
0.009124091
0.009314081
0.009843446
0.01011454
0.01040001
0.01117762
0.01153374
0.01188416
0.01211052
0.0123101
0.01249717
0.01283015
0.01299013
0.01284872
0.01290484
0.01284161
0.01287778
0.01291845
0.01299309
0.01305093
0.01304395
0.0130188
0.01301514
0.01302366
0.0130404
0.01306256
0.01309388
0.01313209
0.0132001
0.01324562
0.01331117
0.01341311
0.01340694
0.01345511
0.01348905
0.01349023
0.01354946
0.01360112
0.01366164
0.01374468
0.01384786
0.0139117
0.01395855
0.01399073
0.01407663
0.01406629
0.01406462
0.01406883
0.01406486
0.0140736
0.01403512
0.01393859
0.01395868
0.01396629
0.01398437
0.01401171
0.01404831
0.0140572
0.01412962
0.01411521
0.01415351
0.01421755
0.01430763
0.01427934
0.01435188
0.0143249
0.01420257
0.01404096
0.01395782
0.01398602
0.01397237
0.01416025
0.01437308
0.0144415
0.01455369
0.0145899
0.01494244
0.01501693
0.01500084
0.01507157
0.01500426
0.01491599
0.01485974
0.0147624
0.01459145
0.01429615
0.01420343
0.01415887
0.0141434
0.01419734
0.01420662
0.01449554
0.01470211
0.01481261
0.01504098
0.01504469
0.01509715
0.015244
0.01534287
0.01542067
0.01548062
0.01560159
0.01561935
0.01564778
0.01566792
0.01571134
0.01571387
0.01576049
0.01580906
0.01588974
0.01594378
0.01604355
0.016085
0.0161053
0.01608192
0.01590647
0.01578173
0.01560381
0.01543155
0.01512103
0.01492029
0.01453222
0.0144958
0.01421707
0.01404785
0.01390309
0.01379347
0.01381526
0.01370351
0.0135372
0.01349632
0.01350352
0.01356206
0.01369196
0.01375829
0.01368776
0.01371446
0.01377038
0.01385051
0.01387
0.01392908
0.01382144
0.01377793
0.01372973
0.01359679
0.01352749
0.01335437
0.01319383
0.01313376
0.01285011
0.01259912
0.01218687
0.01197867
0.01186112
0.01179619
0.01184769
0.01185847
0.0119371
0.01213237
0.01211241
0.01205806
0.01184832
0.01179773
0.0117781
0.01175661
0.01147491
0.01140504
0.01125568
0.01090231
0.01086315
0.01071052
0.01051671
0.01043943
0.01033683
0.01007077
0.009911696
0.009882154
0.00970541
0.009575478
0.009415215
0.009290537
0.009159748
0.009119177
0.009030381
0.008686856
0.008708593
0.008724462
0.008739356
0.008777334
0.008834859
0.008943589
0.009125881
0.009041915
0.009200958
0.009132246
0.009185535
0.009189256
0.009300147
0.009392538
0.009479177
0.009498682
0.009723758
0.0100312
0.01033889
0.01056412
0.01146295
0.01159072
0.01170255
0.01170172
0.01175417
0.01178083
0.01175157
0.01173483
0.01168656
0.01166357
0.01164622
0.01138832
0.01147662
0.01146283
0.01148227
0.01152706
0.01164107
0.01167796
0.0116636
0.01170266
0.01189349
0.01201352
0.01215753
0.01224777
0.01219728
0.01226141
0.01230933
0.01230605
0.01237213
0.0124542
0.01261998
0.01271065
0.01288249
0.01300859
0.01302666
0.01306766
0.01324797
0.01335548
0.0133956
0.01337028
0.01344757
0.01345741
0.01343514
0.01343455
0.01339619
0.01318891
0.01307048
0.01300562
0.01275561
0.01258294
0.01227292
0.01224538
0.01196018
0.01181145
0.0117999
0.01180535
0.0118301
0.01170972
0.01168497
0.01165827
0.0116383
0.01159852
0.01153127
0.01152871
0.01152473
0.01155471
0.01159432
0.01165796
0.01171639
0.01175722
0.01189834
0.01198903
0.0120227
0.01199241
0.01202778
0.01207297
0.01206561
0.01214605
0.01216827
0.01216766
0.01218603
0.01219434
0.01222091
0.01226615
0.01227006
0.01225958
0.01222317
0.0122332
0.01225861
0.01229691
0.01231952
0.01237779
0.01241775
0.01248425
0.01254038
0.01254672
0.0125106
0.0125024
0.01248934
0.01250528
0.01244542
0.01242991
0.01239289
0.01235075
0.01229131
0.01219579
0.01203463
0.01202671
0.0120255
0.0119511
0.01185261
0.01182975
0.01173526
0.01164715
0.01150397
0.01138541
0.011085
0.01102908
0.01100512
0.01084442
0.01062127
0.01047339
0.01027104
0.01023336
0.01022657
0.01021427
0.01021408
0.01023582
0.01022604
0.01018551
0.01006065
0.009921264
0.009846904
0.009677554
0.009537504
0.009256045
0.008789779
0.008772252
0.008562119
0.008519513
0.008323075
0.008247595
0.008275918
0.008219524
0.008176578
0.008145457
0.008126507
0.008109022
0.008104462
0.008121976
0.008085409
0.008024149
0.007893367
0.007602765
0.007183317
0.00679058
0.006007703
0.005768715
0.00556477
0.005284262
0.005177285
0.005237886
0.005216089
0.005211445
0.00523265
0.005249901
0.00527315
0.005270491
0.005272301
0.00528937
0.005339662
0.005384921
0.005460719
0.005567216
0.005682391
0.005784867
0.006000526
0.006092363
0.006190132
0.006342971
0.006541474
0.006988558
0.007145282
0.007241596
0.00740667
0.007586497
0.007792261
0.00808359
0.008437943
0.008582009
0.008884276
0.00922757
0.009651939
0.009828459
0.009795137
0.009744624
0.009632519
0.009625864
0.009524496
0.009435649
0.009364892
0.009284099
0.009210483
0.009229113
0.009133966
0.009133992
0.00908721
0.009001048
0.008972841
0.008908018
0.008888255
0.008876596
0.008890904
0.008874865
0.008902248
0.008949094
0.00894131
0.008919619
0.00889583
0.008935922
0.009025017
0.009023001
0.009045974
0.009000674
0.008908208
0.008858957
0.008660588
0.008562195
0.008331797
0.008039575
0.007408843
0.007118484
0.007033252
0.006953619
0.006884111
0.006786838
0.006279596
0.006061101
0.005920688
0.005843711
0.005584618
0.005597216
0.005556668
0.005545222
0.005399422
0.00535118
0.005375721
0.005366492
0.005324433
0.005332483
0.005253935
0.005211718
0.005139657
0.005048371
0.004909847
0.004820866
0.004722658
0.004407958
0.004314821
0.004139968
0.003775228
0.003605786
0.003517641
0.003482166
0.003393599
0.003358089
0.003279294
0.003190637
0.003174586
0.003157749
0.00317971
0.003177245
0.003189999
0.003207307
0.003285089
0.003309612
0.003339653
0.003360279
0.003345389
0.003365016
0.003433782
0.003654141
0.003822862
0.00397841
0.004122659
0.004311057
0.004397698
0.004502659
0.00461508
0.004632088
0.004699212
0.004733406
0.004751685
0.00481527
0.00485571
0.004874982
0.004796586
0.004747096
0.004718468
0.004700934
0.004694098
0.00470356
0.004697812
0.004708331
0.004702367
0.004718776
0.00473137
0.004711999
0.004740906
0.0047966
0.004820434
0.004829239
0.004829254
0.004834711
0.004838674
0.004862658
0.004988245
0.005147973
0.005204377
0.005251953
0.00533023
0.005644723
0.00582838
0.005989735
0.006320877
0.006602701
0.006925715
0.007100841
0.007075632
0.007088501
0.007014076
0.007003689
0.006976174
0.006805503
0.006684321
0.006463286
0.006066766
0.005864995
0.005617227
0.005442213
0.005229967
0.004994397
0.004863755
0.004697933
0.004504433
0.004397737
0.004348088
0.004292683
0.00417929
0.004049173
0.003758634
0.003629917
0.003554314
0.003463698
0.003298127
0.003238983
0.003163815
0.003127303
0.003059722
0.003056029
0.002994226
0.002979963
0.002997372
0.003035386
0.003152424
0.003322976
0.003518264
0.003710693
0.003772535
0.003840832
0.003982449
0.004074734
0.004200293
0.004360091
0.004547754
0.004772105
0.005038978
0.005117119
0.005221276
0.005213675
0.005249071
0.00530412
0.005366317
0.005418502
0.005485591
0.005549708
0.005589071
0.005590742
0.005567723
0.005521344
0.005473418
0.005443547
0.005442102
0.005452798
0.005429316
0.005416727
0.00544889
0.00543841
0.005405992
0.00541263
0.00542346
0.005516874
0.005576817
0.005788469
0.005995203
0.006311172
0.006836673
0.007130933
0.007414517
0.007810685
0.008066057
0.008202877
0.008340186
0.008429125
0.008647796
0.008673145
0.008824484
0.008854712
0.008957631
0.008965679
0.009006867
0.009040777
0.00905449
0.009131831
0.009206098
0.009258479
0.009302212
0.009327414
0.009339728
0.009327214
0.009211626
0.009142424
0.009085624
0.009099421
0.009041168
0.009012192
0.008953581
0.008967743
0.008917769
0.008857526
0.008699786
0.008622403
0.008552028
0.008490707
0.008396593
0.00833449
0.008285662
0.008254354
0.008231044
0.008271193
0.008306357
0.008302803
0.00829809
0.008339995
0.008328256
0.008330067
0.008415382
0.008483338
0.008550217
0.008590554
0.008693044
0.008716423
0.00875386
0.00879117
0.008870156
0.008933327
0.008960387
0.009089486
0.009084895
0.0090884
0.009052445
0.00901459
0.008991167
0.008901772
0.008883093
0.008827
0.008654276
0.00860291
0.008548599
0.008534624
0.008518782
0.008507069
0.008517202
0.008532367
0.008597669
0.008666501
0.008826162
0.008834842
0.008840835
0.008840764
0.008787861
0.008713309
0.008614052
0.008520097
0.008480718
0.008455559
0.008448528
0.008377173
0.00831918
0.008187014
0.008080368
0.007985633
0.007937688
0.007943125
0.007992447
0.008033381
0.008272954
0.008313645
0.008331864
0.008296712
0.008294728
0.008240797
0.008162757
0.008017264
0.007793526
0.007401989
0.006475489
0.006104472
0.005862543
0.005695503
0.005477746
0.005445599
0.005257887
0.005053303
0.004870846
0.004701476
0.004607574
0.004482558
0.004467628
0.004476278
0.004410874
0.004326298
0.004258332
0.004147794
0.004023251
0.003983178
0.003850429
0.003780928
0.00373252
0.003649266
0.003579241
0.003528039
0.003425922
0.003340868
0.003314777
0.003280762
0.003227676
0.00322512
0.003183021
0.00316546
0.003156245
0.003146802
0.003141082
0.00307007
0.003018509
0.003003725
0.002990155
0.00286928
0.002875926
0.00284813
0.002771185
0.002739943
0.002637845
0.002535448
0.002489356
0.002402347
0.002280082
0.002256442
0.002224741
0.002181418
0.002155968
0.002036584
0.001998849
0.001937008
0.001918429
0.001897964
0.001880024
0.001864353
0.001862664
0.001848712
0.001827254
0.001800381
0.001753883
0.001763181
0.001799181
0.00181839
0.001831719
0.001800964
0.001745446
0.001678926
0.001510331
0.001355524
0.001206967
0.001118215
0.001045659
0.0009534846
0.0008751537
0.0007767977
0.0006762802
0.0006655524
0.0006824434
0.0006917623
0.0007860124
0.0009086856
0.0009897796
0.001273424
0.001458033
0.001630599
0.00177233
0.001932758
0.002082019
0.002423675
0.002524639
0.002673969
0.002634171
0.002693242
0.002902223
0.002982771
0.003048622
0.003100258
0.003289085
0.003321251
0.003417292
0.00347477
0.00361855
0.003712104
0.003891619
0.004002647
0.004042976
0.004070514
0.004096384
0.004273123
0.004346194
0.004689458
0.005466655
0.006150285
0.007731061
0.008623439
0.009116412
0.009461776
0.009930213
0.01002967
0.01018075
0.01015531
0.01010594
0.01005192
0.0100146
0.009897846
0.009863557
0.009769527
0.009558027
0.009518176
0.009325655
0.009071277
0.008874875
0.008546503
0.00836347
0.008367526
0.008268142
0.008219589
0.008275729
0.008194468
0.00816949
0.00804067
0.007967379
0.007898698
0.007864248
0.007891076
0.007936756
0.007993391
0.00810723
0.008099362
0.008091492
0.008047347
0.008037235
0.008022375
0.008207627
0.00842729
0.008455351
0.008591323
0.008654545
0.008654808
0.008641935
0.00861204
0.008511981
0.008559904
0.008552353
0.008538899
0.008474823
0.008420473
0.008395091
0.008400351
0.008424012
0.008520877
0.008618454
0.008662767
0.008667799
0.008685341
0.008779651
0.008836111
0.008915951
0.00891969
0.00891274
0.008949672
0.008894451
0.008810672
0.008620241
0.008599119
0.00862376
0.008738722
0.009226634
0.009543697
0.009561495
0.009452665
0.009416531
0.009480518
0.009597871
0.009562264
0.009530135
0.008868518
0.008436067
0.007985152
0.007561527
0.007190052
0.00690322
0.006601457
0.006248972
0.006188966
0.006257297
0.006372336
0.006498493
0.006553085
0.006575223
0.006628741
0.006686186
0.007074351
0.007274669
0.007462304
0.00773183
0.007825986
0.008019561
0.008172841
0.008440192
0.008466437
0.008456334
0.008438975
0.008516547
0.008545179
0.00856642
0.00861735
0.008618668
0.008632131
0.008680914
0.008767379
0.00878283
0.008749448
0.008745808
0.008752601
0.008844835
0.008937604
0.009131915
0.009323213
0.009339072
0.009329249
0.009325219
0.009284511
0.009269458
0.009264331
0.009295635
0.009342103
0.009440123
0.009439982
0.009501152
0.0095732
0.00968102
0.009863714
0.01004548
0.01004304
0.01006951
0.01020794
0.01033814
0.01042164
0.01051361
0.01054963
0.01055361
0.01061996
0.01074949
0.01083174
0.01088002
0.0109557
0.01124777
0.01142659
0.01158512
0.01172637
0.01180845
0.01197978
0.01230338
0.01242579
0.01244293
0.0123803
0.01237601
0.01237838
0.01237731
0.01234981
0.01222692
0.01206965
0.01187156
0.01137382
0.01101655
0.01076894
0.01057795
0.01036081
0.01028243
0.01013606
0.01003136
0.009775483
0.009369067
0.009264372
0.009114073
0.008931381
0.008712308
0.008680684
0.008535814
0.008370611
0.008185841
0.007983088
0.007717552
0.007272195
0.0070933
0.006971309
0.006909089
0.006970026
0.007004608
0.006954337
0.006963208
0.00697456
0.007039757
0.007001892
0.007012843
0.007079507
0.007136063
0.007162167
0.007184815
0.007209906
0.007148413
0.007021418
0.006756206
0.006628075
0.006459683
0.006439247
0.006391789
0.006343244
0.006356078
0.006336689
0.006343008
0.006377912
0.006482177
0.006549578
0.006751912
0.00691876
0.00718485
0.007155741
0.007108032
0.007138734
0.007148295
0.007218093
0.007216316
0.007212898
0.007197617
0.007102861
0.006966841
0.006772554
0.006606109
0.006450939
0.006301865
0.006135406
0.006014541
0.005978712
0.005895332
0.005835196
0.005767582
0.005669971
0.00562202
0.005589461
0.005602075
0.005617728
0.005620616
0.005588575
0.005572877
0.005572365
0.005594483
0.005648079
0.005686632
0.005787233
0.005841317
0.005943678
0.006190523
0.006284514
0.006404846
0.006484684
0.006645872
0.006679451
0.006735309
0.006837683
0.006905036
0.00695705
0.007111474
0.007136607
0.00717692
0.007203218
0.007230051
0.007260042
0.007292531
0.007321851
0.007342975
0.007330271
0.007313706
0.007271044
0.007207051
0.007192134
0.007137467
0.007084309
0.007093276
0.007057224
0.007052542
0.007058446
0.006990516
0.006902859
0.006816044
0.006726925
0.006676969
0.006505013
0.006502027
0.006476571
0.006472083
0.006420326
0.00644292
0.006455593
0.006475629
0.006547266
0.006774066
0.006880953
0.007044022
0.007147213
0.007197277
0.007230297
0.007458718
0.007581492
0.007651613
0.007766366
0.007866506
0.00797045
0.007994329
0.00811774
0.008225402
0.00834797
0.008517238
0.008506853
0.00859306
0.008563297
0.008577806
0.008587781
0.008607118
0.008639059
0.008658238
0.008709442
0.008712771
0.008712712
0.008732587
0.008727224
0.008703804
0.008717371
0.008696783
0.008729494
0.008762879
0.008803925
0.008897511
0.008942758
0.009080867
0.009231741
0.009523692
0.009753115
0.009901956
0.009974481
0.01004737
0.009977565
0.01011154
0.01014919
0.01019616
0.01021201
0.01022537
0.01020218
0.01016933
0.01011247
0.010098
0.0100826
0.01000841
0.009968681
0.009923021
0.00988575
0.009694252
0.009685157
0.009628019
0.009551047
0.009478093
0.009432823
0.009381694
0.009377246
0.009342067
0.009306747
0.009175129
0.009066446
0.00898433
0.008928266
0.008936222
0.008928206
0.008960105
0.009074133
0.00914454
0.009218981
0.009160341
0.009102709
0.008989328
0.008870008
0.008851336
0.008778705
0.008832375
0.008849716
0.008695995
0.008637191
0.00825049
0.008252824
0.008216385
0.008049793
0.007918023
0.007783716
0.007384219
0.007110147
0.006716259
0.006681317
0.00664639
0.006586275
0.006628568
0.006589938
0.006601347
0.006582659
0.006623032
0.006672777
0.006688618
0.006683438
0.006896676
0.006878343
0.006948892
0.007015655
0.007022054
0.007025166
0.006865191
0.006760029
0.006588423
0.006354116
0.006169631
0.006231267
0.006219792
0.006183087
0.006215945
0.006264846
0.006746636
0.007090938
0.007497371
0.007897343
0.008507333
0.00855124
0.008711751
0.008794449
0.0089467
0.008912734
0.008880123
0.0088329
0.008829188
0.008740305
0.008566005
0.008372092
0.008188427
0.007911226
0.007635339
0.007490813
0.007214549
0.00721596
0.007154997
0.007101344
0.006997109
0.006932479
0.006932042
0.00684343
0.006838921
0.006837337
0.006842201
0.006829716
0.006813932
0.006801157
0.006772466
0.006732285
0.006661905
0.006617718
0.006590404
0.006516283
0.006372031
0.006325825
0.006286221
0.006191669
0.006148217
0.006066512
0.005977732
0.005969298
0.005957475
0.005950639
0.005964242
0.006008723
0.006048571
0.00609003
0.006154922
0.00613214
0.006154298
0.00617376
0.00624765
0.006288035
0.006315378
0.006333363
0.006357935
0.00634433
0.006335712
0.006311973
0.006281983
0.006240783
0.006252386
0.006270441
0.006328263
0.006348099
0.006338904
0.006346543
0.006384575
0.006385514
0.006408473
0.006432659
0.006456819
0.006504655
0.006510616
0.006547414
0.006550029
0.006555862
0.006503374
0.006460652
0.006439315
0.006433574
0.006450891
0.00646637
0.006497876
0.006508444
0.006534366
0.006614772
0.006771387
0.006923181
0.007161641
0.007368791
0.007480731
0.007585869
0.007699039
0.007811923
0.007944973
0.007928758
0.008054425
0.008121519
0.008206206
0.008328287
0.008397093
0.008497373
0.008574148
0.00859007
0.008712133
0.008758413
0.008940318
0.009070887
0.009204336
0.009266305
0.009369132
0.009401588
0.009464749
0.009566697
0.009678564
0.009760341
0.009909239
0.01003328
0.01008139
0.01011729
0.01011622
0.01010809
0.01018612
0.01023519
0.01030783
0.01040166
0.01049805
0.01053198
0.0105777
0.0106493
0.01064049
0.01070747
0.01076151
0.01078628
0.01079866
0.01081305
0.01082802
0.01082613
0.01077531
0.01074105
0.01072795
0.01064041
0.01062958
0.01057611
0.0105333
0.01053965
0.01054004
0.01053856
0.01059035
0.01067472
0.01087287
0.01092457
0.01110915
0.01140036
0.01141831
0.01147766
0.01168749
0.01177575
0.01177475
0.01183071
0.01185287
0.01186432
0.0118562
0.01179845
0.01170896
0.01166801
0.01156462
0.01135652
0.01126726
0.01095861
0.01093556
0.01081651
0.01071384
0.01070146
0.01058307
0.01048926
0.01027976
0.01023496
0.01013358
0.01006148
0.009937173
0.00990635
0.009838365
0.009795611
0.009778186
0.00971919
0.009691597
0.009666762
0.009658242
0.009633271
0.009641543
0.009667966
0.009691263
0.009792521
0.009863838
0.009961729
0.01004513
0.01002789
0.01011428
0.01013241
0.01016978
0.01020683
0.01031621
0.01034257
0.0103799
0.01042915
0.01057047
0.01063632
0.01071236
0.01074921
0.010796
0.0108576
0.01084994
0.01083181
0.01082067
0.01077752
0.01069483
0.01062872
0.01060844
0.01059341
0.01054688
0.01048402
0.01043653
0.01037609
0.01030653
0.0102207
0.009923219
0.009780607
0.00965484
0.009509459
0.009408373
0.009370063
0.009350352
0.009302297
0.009262149
0.009233049
0.009152515
0.009096937
0.009043619
0.009003174
0.008972624
0.008959376
0.00900579
0.009059745
0.009090233
0.009137314
0.009166966
0.009171766
0.009181807
0.009267317
0.009379918
0.009581768
0.009929435
0.01003888
0.01012096
0.01027335
0.01057991
0.01071311
0.0108354
0.01110912
0.01134619
0.01153042
0.01173794
0.01167608
0.01173709
0.01183082
0.01208746
0.01211492
0.01214486
0.01220373
0.01219786
0.01218826
0.01213297
0.01214001
0.01211693
0.012101
0.01200854
0.01197554
0.0119652
0.01190972
0.01189033
0.01185547
0.01182112
0.01180795
0.0117913
0.01177355
0.01176826
0.0117707
0.0117818
0.01180445
0.01181511
0.01181655
0.01183396
0.01185253
0.01186574
0.0119072
0.01188648
0.01189773
0.01189693
0.01186215
0.0118463
0.01179358
0.0117338
0.01169283
0.01161333
0.01146983
0.01102635
0.0108267
0.01065845
0.01045297
0.01008118
0.009732143
0.009334358
0.009136491
0.008879717
0.008733264
0.008573613
0.008269936
0.008146946
0.00792176
0.007743934
0.007455637
0.007224234
0.007090682
0.006979965
0.006746485
0.006436086
0.006231199
0.006161354
0.006116596
0.006038719
0.005819275
0.005568565
0.005507028
0.005458882
0.005393952
0.00527716
0.005287331
0.005227129
0.005146527
0.005030659
0.004950238
0.004788503
0.004780968
0.004749722
0.004756473
0.004775579
0.004780787
0.004853649
0.004899233
0.004966371
0.005036634
0.005305551
0.005457452
0.005612131
0.005729067
0.005759117
0.005907796
0.005845935
0.005879765
0.005875641
0.005845968
0.005797075
0.00577197
0.005756829
0.005705535
0.005649158
0.005607903
0.005588742
0.005480522
0.00543075
0.005382626
0.005367072
0.005229393
0.005159427
0.005055821
0.004809216
0.004690911
0.004569096
0.004510611
0.004399905
0.004368885
0.00427422
0.004232828
0.004191443
0.004178565
0.004177698
0.004200012
0.004241433
0.004328799
0.00445073
0.004587768
0.004894193
0.004980014
0.005116692
0.00522799
0.00531228
0.005469197
0.005518771
0.005563402
0.005606205
0.005653522
0.005778639
0.005822148
0.005995505
0.006128969
0.006317685
0.0065818
0.006700754
0.006897475
0.007057758
0.007131157
0.007423609
0.007391646
0.007468534
0.007495073
0.007610689
0.007619908
0.00766653
0.007755719
0.007816954
0.007819856
0.007814517
0.007794054
0.007777336
0.007717368
0.007581948
0.007494759
0.007499693
0.007503199
0.007479699
0.007446261
0.007450487
0.007411915
0.00735339
0.007278469
0.007221066
0.007163747
0.00708777
0.006989425
0.006904094
0.006849068
0.006871697
0.006824487
0.006829321
0.006783064
0.006659268
0.006598699
0.006547598
0.006475927
0.006448635
0.006425398
0.006349615
0.006292199
0.006290276
0.006241508
0.006132458
0.006117251
0.006096596
0.006117071
0.006262287
0.006489893
0.006769428
0.007507142
0.007906516
0.008357879
0.008942056
0.009219182
0.009174577
0.009115917
0.00900948
0.00892084
0.008756866
0.00863556
0.008672774
0.008553648
0.00863931
0.008685882
0.008775544
0.008947562
0.00921529
0.009495817
0.01013854
0.01027723
0.01043714
0.01054396
0.0103915
0.0102459
0.010161
0.01002938
0.009988663
0.009983577
0.009993485
0.009978637
0.00999694
0.009975032
0.009939561
0.009944384
0.009940696
0.01001081
0.01005567
0.01016121
0.01021862
0.01024353
0.01021284
0.01014323
0.01004044
0.009932256
0.009802532
0.009645531
0.009576845
0.009549611
0.009327267
0.009212618
0.00916641
0.009134913
0.009078903
0.009097646
0.009255031
0.009341434
0.009420182
0.009494484
0.009770002
0.009847499
0.009898656
0.009994196
0.01015685
0.01019277
0.01025083
0.01033963
0.01032518
0.01030537
0.01029443
0.01025018
0.01014908
0.01005939
0.009557632
0.00908921
0.008723204
0.008384405
0.008061013
0.007424998
0.007132059
0.006955286
0.006887843
0.006765915
0.006620978
0.00653324
0.00642088
0.006375984
0.006243757
0.006058326
0.005605465
0.005588602
0.005470334
0.005451515
0.005257573
0.005142572
0.005050675
0.0049582
0.004910184
0.00484818
0.004784335
0.004749941
0.004716272
0.004683916
0.004675977
0.004675977
0.004580085
0.004483066
0.004374749
0.004291459
0.00423809
0.004145527
0.004051988
0.00397283
0.003834079
0.003780487
0.003743191
0.003682896
0.003638012
0.003611873
0.003498821
0.003474365
0.00344682
0.003429157
0.003335555
0.003300113
0.003306489
0.003318795
0.003339262
0.003391684
0.00342062
0.003400453
0.003478792
0.003628477
0.003820577
0.00387967
0.003945821
0.004059165
0.004105906
0.004160465
0.004189049
0.004174092
0.004110303
0.003964066
0.003811812
0.00363571
0.003590062
0.003652824
0.003658677
0.003674992
0.003845338
0.004251713
0.004492967
0.004680548
0.005015285
0.005137649
0.005301151
0.005534901
0.005671303
0.005674305
0.005880637
0.00592073
0.005883025
0.005873554
0.005938916
0.005954042
0.005994197
0.006016742
0.006068882
0.006070113
0.006126759
0.006150148
0.006158731
0.006320756
0.006721658
0.00714325
0.007908317
0.008831823
0.009629073
0.01011071
0.01110638
0.01127692
0.01150387
0.01178368
0.01169963
0.01165121
0.01162529
0.01160441
0.01170134
0.01177706
0.01189868
0.01212559
0.01214666
0.01216676
0.01237887
0.01259573
0.01271673
0.01274229
0.01270622
0.01266186
0.01241001
0.01153434
0.01098513
0.009690574
0.009135448
0.008826581
0.008931505
0.009185801
0.009592355
0.01003496
0.01075948
0.01130534
0.0116446
0.01176137
0.01227031
0.01234132
0.01226322
0.01212703
0.0120791
0.01205817
0.01191685
0.01182378
0.01169349
0.01161274
0.01142293
0.01125804
0.01108687
0.01105949
0.01113896
0.01118421
0.01115408
0.01109339
0.01106699
0.01106954
0.01114003
0.011225
0.0114046
0.01146017
0.01162818
0.01160853
0.01175959
0.01186859
0.01200586
0.01206348
0.01219706
0.01214717
0.01219615
0.0121577
0.01189923
0.01081733
0.01036886
0.009919313
0.009513094
0.009438301
0.009812674
0.009866701
0.01000508
0.01010778
0.01021132
0.01029575
0.01102463
0.01152354
0.01189396
0.01162025
0.01134436
0.01046921
0.009729134
0.009149122
0.008665743
0.008857288
0.008708048
0.008623635
0.008544836
0.008521677
0.008478689
0.008625702
0.008632538
0.008564583
0.008620376
0.008781715
0.009014797
0.009063926
0.009126788
0.009371682
0.009521823
0.009787538
0.009883646
0.01004527
0.01007666
0.01032825
0.01030537
0.01045859
0.01060153
0.01077889
0.01090183
0.01084496
0.01091973
0.01095279
0.01111073
0.01120413
0.011549
0.01176838
0.01182833
0.0118755
0.01181214
0.01201462
0.01209214
0.01208768
0.01209555
0.01213131
0.01207702
0.01208788
0.01205954
0.01206524
0.01193227
0.01180616
0.0117217
0.01159097
0.01154463
0.01139336
0.01117694
0.01122047
0.01105546
0.0110599
0.01094567
0.01091154
0.01091381
0.0108723
0.01087807
0.01087635
0.01091233
0.01097815
0.01106304
0.01117781
0.01121983
0.01133321
0.0114449
0.01156146
0.0116334
0.01169437
0.01192102
0.01192102
0.01208859
0.01233893
0.01243615
0.01247479
0.01246655
0.01251406
0.01253398
0.01255546
0.01258612
0.01262485
0.01266226
0.01267009
0.01269187
0.01265422
0.01261806
0.01252783
0.01248484
0.01247917
0.01239588
0.01226332
0.01210278
0.01199359
0.01171965
0.01146835
0.01130908
0.01107446
0.01114186
0.01109452
0.01099573
0.01095781
0.01086209
0.01075038
0.01067518
0.0105404
0.01049627
0.01040745
0.01029749
0.01010689
0.009734521
0.009607633
0.009550096
0.009676348
0.009681307
0.009715649
0.009779957
0.009782098
0.009784321
0.009821345
0.01005755
0.01029452
0.01049688
0.01062813
0.01070111
0.01060961
0.01066003
0.01067519
0.01076983
0.01075436
0.01080282
0.01082189
0.01086467
0.01087564
0.01088643
0.01084941
0.01082184
0.0107309
0.01055051
0.01025853
0.009321902
0.008766646
0.008366681
0.007248193
0.006717397
0.00641254
0.006224311
0.005785437
0.005596265
0.005436226
0.005399327
0.005442622
0.005394353
0.005480885
0.00541229
0.005519446
0.005612412
0.005720692
0.00589762
0.006221166
0.006682103
0.006915237
0.007252006
0.00753486
0.007924112
0.00799655
0.008106447
0.008125214
0.008181634
0.008366967
0.008502035
0.008658515
0.008888429
0.009011015
0.00912299
0.009429661
0.009736751
0.009969122
0.01028574
0.01061797
0.0107462
0.01071624
0.01062345
0.01061962
0.01064124
0.01064715
0.01068313
0.01068577
0.01066748
0.01060225
0.01053167
0.01046078
0.01039053
0.01039988
0.0103609
0.01036442
0.01036852
0.01035941
0.01037276
0.01036694
0.01040788
0.01047091
0.01053675
0.01067704
0.01081132
0.01079226
0.01072795
0.01073559
0.01076494
0.01080046
0.01093856
0.01100312
0.01103739
0.01108722
0.01095493
0.01085339
0.01076338
0.01074507
0.01079283
0.01075364
0.01078311
0.01081451
0.01087903
0.01090891
0.01094137
0.01099173
0.0110744
0.0111765
0.0112309
0.01126943
0.01125932
0.01132699
0.01136079
0.01142548
0.01152549
0.01152182
0.01153663
0.01156293
0.01160856
0.01157485
0.01164432
0.01169551
0.01174759
0.01178724
0.01196051
0.01206899
0.01211564
0.01217621
0.01218492
0.01226817
0.01228049
0.01228083
0.01227904
0.01232559
0.0123601
0.01234754
0.01233689
0.01229407
0.01222582
0.0121769
0.01216447
0.01211209
0.01208158
0.01206217
0.01193772
0.01187485
0.01185045
0.01168363
0.01155976
0.01133552
0.01103119
0.01086211
0.01063265
0.01032362
0.01011475
0.01010657
0.01004396
0.01002934
0.009986329
0.01003447
0.01006974
0.01008784
0.01015508
0.01018616
0.01037254
0.01047202
0.01056671
0.0106118
0.01066731
0.01074977
0.01097476
0.01111699
0.01139451
0.01158491
0.01194022
0.01201823
0.01213957
0.01214376
0.01222331
0.01221443
0.01215708
0.01211544
0.0120867
0.01201497
0.01183943
0.01174404
0.01167796
0.01159004
0.01144252
0.01138719
0.01128773
0.01095072
0.01072555
0.01055983
0.009969241
0.009787912
0.009604481
0.009545012
0.009370907
0.009184031
0.009134756
0.00915044
0.009129943
0.009136997
0.0090854
0.009107156
0.009154228
0.009304597
0.009295651
0.009402167
0.009650933
0.009807697
0.01004579
0.01009352
0.01022691
0.01044041
0.01060225
0.01069142
0.01088039
0.01101435
0.01118252
0.01123421
0.0113121
0.01144157
0.01146301
0.01152843
0.011515
0.0115499
0.01153858
0.01156752
0.01161412
0.01158703
0.01159844
0.01154444
0.01156458
0.0115163
0.01153665
0.01153248
0.01151571
0.01152892
0.01155492
0.0115949
0.01157094
0.01157631
0.01159395
0.01159925
0.01161797
0.01158481
0.01157797
0.01154219
0.01153956
0.01153142
0.01149826
0.01144607
0.01139333
0.01129278
0.01118753
0.01113651
0.0111358
0.01112402
0.01113533
0.01116641
0.01120823
0.01125076
0.01134764
0.01140041
0.0115311
0.01154284
0.01159271
0.01159731
0.01159975
0.01160462
0.01158099
0.01158004
0.01149572
0.01149572
0.01135647
0.01126618
0.01120239
0.01117446
0.01097714
0.01091472
0.01077724
0.01068369
0.01047943
0.01038521
0.01033548
0.01029712
0.01026992
0.01028129
0.01025919
0.01021346
0.01025305
0.01029142
0.01035395
0.01035482
0.01037478
0.01037035
0.01033087
0.01025977
0.01001503
0.009908841
0.009785861
0.009729042
0.009501376
0.009450971
0.009354217
0.009204081
0.009127307
0.009059368
0.009035625
0.00888847
0.008773482
0.008658855
0.00853755
0.008288858
0.008235578
0.008165519
0.008119966
0.008056985
0.007879853
0.007773704
0.007643057
0.007542724
0.007431333
0.007394279
0.007358834
0.007284411
0.00724146
0.007205769
0.007129722
0.007074032
0.007004202
0.006956608
0.006951699
0.006956874
0.006951122
0.006946538
0.006942935
0.006915615
0.006823042
0.006744726
0.006699638
0.00662716
0.006474025
0.006389106
0.006302211
0.006261345
0.006229892
0.00618674
0.006138782
0.006141419
0.006095774
0.00606773
0.006026401
0.006001807
0.005970981
0.005967817
0.005968926
0.005948137
0.005983416
0.006019325
0.006129358
0.006248398
0.006429373
0.006529779
0.006806146
0.007033763
0.007209547
0.007396981
0.007991264
0.008138376
0.008232131
0.008285888
0.008152399
0.008203731
0.008172045
0.008210206
0.00819814
0.008207168
0.008157513
0.008165334
0.008166029
0.008124595
0.008064972
0.008016914
0.007979113
0.007943518
0.007909822
0.007819631
0.007493018
0.007258424
0.007063959
0.006801311
0.006544794
0.006411897
0.006145524
0.006159088
0.006091386
0.0059745
0.005852163
0.005877099
0.005909245
0.005963384
0.006040299
0.006075117
0.006192948
0.006360407
0.006801541
0.007170565
0.007892767
0.00799664
0.008379465
0.008409087
0.008641688
0.008456151
0.008657045
0.008565188
0.008636538
0.00867026
0.008575238
0.008433255
0.008364834
0.008056814
0.007631524
0.007227872
0.006851905
0.006364148
0.005855898
0.005414241
0.00455514
0.004148222
0.004105575
0.00412306
0.004341774
0.004580408
0.004668151
0.004833939
0.004966153
0.005296766
0.005930858
0.006271389
0.006568733
0.006787989
0.007401432
0.007504567
0.007638117
0.007757522
0.007862412
0.007844178
0.007841883
0.007789343
0.007635019
0.007361843
0.006922474
0.006728284
0.006647289
0.006699945
0.006762577
0.006856718
0.006951879
0.007009243
0.007137483
0.007233203
0.007353312
0.007982085
0.0083862
0.008826811
0.009230158
0.009616991
0.01017526
0.01026267
0.01046903
0.0107976
0.01226803
0.0127831
0.01309075
0.01325879
0.01356707
0.01388553
0.01440226
0.01455552
0.01458586
0.014887
0.0149046
0.01493009
0.01484875
0.01485721
0.01476849
0.01462094
0.01445798
0.01444547
0.01450977
0.01427218
0.01399616
0.01385944
0.01373539
0.01363131
0.01348912
0.01330056
0.01286521
0.01251588
0.01239235
0.01236517
0.01226363
0.0122489
0.0122411
0.01223562
0.01221324
0.01213457
0.01208332
0.01200326
0.01183656
0.01164246
0.01147293
0.01132488
0.0109514
0.01079063
0.01071774
0.01064087
0.01059667
0.01059723
0.01051136
0.01042287
0.01033288
0.01031577
0.01030843
0.01027474
0.01024828
0.01023624
0.01023109
0.01015166
0.01002539
0.009897538
0.009698882
0.009305082
0.009129544
0.009101546
0.00928449
0.009501021
0.009622766
0.009841746
0.01006126
0.01039847
0.01061611
0.0107856
0.01090897
0.01109058
0.01113768
0.01117599
0.01131962
0.01126395
0.01134195
0.01148613
0.01148613
0.01156469
0.01166689
0.01167818
0.01174332
0.01178161
0.011766
0.01173366
0.0117187
0.01173768
0.01173128
0.0117193
0.01171623
0.01171451
0.01171759
0.01169338
0.01166402
0.01164031
0.0116126
0.01158807
0.01155286
0.0115351
0.01151359
0.01148914
0.01146861
0.01145047
0.01146112
0.01145086
0.01143984
0.01142581
0.01137727
0.01134449
0.01131901
0.01130105
0.01127753
0.01125769
0.0112698
0.0112774
0.01129023
0.01131184
0.01134479
0.01140935
0.0114414
0.01147311
0.01138691
0.01131943
0.01116658
0.01110297
0.01108114
0.01098469
0.01065641
0.010443
0.01017508
0.009913983
0.00959919
0.00926048
0.00875344
0.008496573
0.008333921
0.008075904
0.007664287
0.00759536
0.007484743
0.007341779
0.007228405
0.007088023
0.006958897
0.006489758
0.0063262
0.006144891
0.006162486
0.006150527
0.006205364
0.006245375
0.006349432
0.006542979
0.00707658
0.007295696
0.007471317
0.007718416
0.008050633
0.008210562
0.008359319
0.008550996
0.008728427
0.00886345
0.009160646
0.009316866
0.009430725
0.00946705
0.009557762
0.009666999
0.009713098
0.009784001
0.009784678
0.009794642
0.009819848
0.009838203
0.009878758
0.00991783
0.009997047
0.01005176
0.01009552
0.01015558
0.01025039
0.01043208
0.0105187
0.01057365
0.0105566
0.01057829
0.01056949
0.01056524
0.01055463
0.01055438
0.01050662
0.0105011
0.01050521
0.01050448
0.01050897
0.01049599
0.01061035
0.01067267
0.01071078
0.01086078
0.0108975
0.01101335
0.01108565
0.01118576
0.01119244
0.01120681
0.01123993
0.01124925
0.01119715
0.01121185
0.01112146
0.01108654
0.01113736
0.01111286
0.01113569
0.01110485
0.01105916
0.01103844
0.01102277
0.01102277
0.01073506
0.01051475
0.00995641
0.009668191
0.009430256
0.009215232
0.008461467
0.008191347
0.008112984
0.00805979
0.00807067
0.008113919
0.008044369
0.008068708
0.008058624
0.008028405
0.007964791
0.007915465
0.007950692
0.008017134
0.008068981
0.00813286
0.00830692
0.008415853
0.008524055
0.008618538
0.008723085
0.00885536
0.009067742
0.009212243
0.009305377
0.009361722
0.00947307
0.009540659
0.009580554
0.009622523
0.009750108
0.009860185
0.01002399
0.01018376
0.0103098
0.01045941
0.01084505
0.01085307
0.01099681
0.01120394
0.01131158
0.01142204
0.01143972
0.01155191
0.01163774
0.01166
0.01173693
0.01177842
0.01178985
0.0118032
0.01180695
0.01176959
0.011716
0.01156249
0.01138261
0.01123129
0.01113836
0.01114238
0.01096728
0.01086573
0.01068622
0.0105299
0.01042167
0.0102724
0.01018223
0.01016194
0.01009653
0.01020148
0.01029707
0.01037397
0.01046789
0.01054284
0.01051529
0.01068625
0.01087691
0.01126436
0.0113596
0.01151196
0.01159709
0.01165699
0.01176243
0.01181849
0.01214845
0.01227809
0.01242907
0.0124976
0.01245943
0.0124436
0.01243311
0.01238316
0.01218699
0.01209503
0.01199161
0.01196118
0.01192986
0.01182605
0.01159029
0.01152258
0.01155191
0.01151498
0.01142448
0.01131092
0.01118159
0.01103515
0.01086744
0.01074543
0.01064949
0.01063011
0.01050228
0.01052177
0.01045639
0.01019972
0.01017305
0.01009396
0.01002782
0.009881832
0.009571992
0.009492406
0.009432507
0.009324916
0.009201634
0.009307153
0.009208267
0.009105366
0.009027552
0.008880208
0.008766782
0.008469075
0.00794383
0.007441878
0.006601798
0.006445335
0.006276847
0.006004994
0.005919029
0.005891338
0.005629491
0.005507773
0.00529736
0.005180437
0.004867323
0.004715399
0.004542651
0.004375645
0.004234367
0.004194128
0.004179162
0.004087039
0.004006282
0.004026676
0.003966365
0.003940898
0.003927103
0.003933694
0.003986147
0.004040477
0.00419259
0.004219108
0.004391644
0.00447344
0.004692689
0.004913121
0.005107549
0.005114643
0.005199111
0.005188548
0.005342017
0.005365338
0.00544284
0.005424984
0.005502031
0.005555125
0.005540857
0.005504863
0.005478179
0.005409929
0.005438672
0.005477573
0.005497003
0.005500691
0.00550182
0.005615707
0.005700016
0.00576448
0.005873192
0.005927848
0.00600228
0.006143619
0.006183988
0.006229843
0.006451519
0.006545015
0.006545987
0.006583708
0.006610864
0.006729503
0.006790251
0.006870006
0.006918745
0.006996817
0.007119918
0.0071607
0.007197931
0.007193788
0.007194513
0.007209949
0.007230986
0.007163546
0.007065664
0.007000541
0.006957151
0.006915011
0.006853535
0.006811008
0.006797415
0.006800232
0.006786698
0.006760658
0.006757264
0.006778519
0.006790659
0.006817588
0.006847716
0.006867603
0.006841905
0.006794913
0.006722261
0.006565271
0.006513503
0.006488292
0.006413225
0.006371386
0.006380334
0.006330968
0.006310765
0.006295312
0.006280108
0.006297421
0.006348304
0.006333322
0.00634433
0.006360743
0.006384599
0.00644009
0.006495154
0.006588941
0.006727533
0.00675806
0.006766371
0.006769073
0.006809074
0.006797352
0.006820767
0.006832127
0.006826468
0.006860085
0.006923262
0.006933915
0.006925888
0.006913827
0.006915674
0.006930994
0.006962559
0.006938217
0.006966979
0.006918063
0.006926358
0.00693856
0.006966174
0.006985818
0.007047251
0.007104519
0.007112512
0.007163147
0.007161401
0.007197265
0.007314362
0.007325973
0.007365959
0.007374995
0.00738792
0.007413829
0.007415084
0.007396535
0.007375577
0.007347147
0.007302179
0.007281214
0.00723976
0.007228922
0.007162718
0.007063838
0.006999823
0.006968177
0.006965911
0.006948349
0.006968745
0.007017395
0.007099658
0.007119972
0.007226222
0.007287995
0.007384336
0.007502231
0.007615556
0.007637809
0.007623908
0.007686344
0.007787402
0.007821508
0.007850153
0.007831493
0.007800233
0.007782326
0.007734492
0.007697326
0.007520975
0.007404805
0.007333593
0.007258671
0.007131712
0.007117753
0.007083273
0.00703827
0.007023875
0.007025617
0.00699415
0.006922789
0.006869331
0.006872826
0.006857909
0.006861963
0.006850997
0.006813674
0.006743177
0.006532786
0.005916236
0.005836381
0.00584371
0.005864005
0.005854318
0.005862452
0.005968715
0.006042318
0.006159957
0.006246194
0.006382239
0.006781888
0.006884056
0.006965723
0.006931818
0.007023385
0.007076853
0.007109937
0.007162854
0.007216985
0.007349518
0.007416104
0.007506825
0.007567905
0.00772897
0.007652956
0.007519028
0.007400464
0.007377726
0.007346675
0.007341584
0.007344999
0.007355032
0.007393491
0.007468495
0.007493964
0.007530806
0.007496496
0.007419638
0.007430258
0.007373259
0.007267195
0.007133879
0.006970874
0.006519925
0.006618511
0.006584857
0.006515658
0.00647585
0.006458424
0.006481201
0.006441888
0.006558163
0.006593983
0.006687028
0.006701298
0.006722335
0.006760285
0.006813902
0.006833392
0.006828496
0.006842251
0.006814735
0.006824522
0.006820909
0.006813433
0.006812301
0.006777446
0.00677297
0.006771995
0.006754765
0.006737682
0.006731831
0.006731871
0.006724908
0.006731034
0.006724949
0.006686266
0.006642435
0.006624638
0.006612786
0.006587106
0.006548126
0.006532616
0.00650318
0.00649573
0.006499207
0.006524146
0.006503746
0.006470067
0.006387736
0.006187408
0.006103044
0.005970342
0.00591342
0.005853643
0.005763132
0.00560099
0.005560196
0.00549587
0.00545142
0.005372968
0.005382673
0.005369339
0.005379932
0.005372644
0.005380133
0.005372876
0.005385082
0.005419615
0.005498331
0.005521823
0.005605552
0.005573245
0.005588939
0.005666337
0.005735222
0.005857552
0.006030643
0.006032237
0.006273727
0.006369626
0.006416828
0.00652709
0.006490003
0.006632287
0.006690984
0.006757243
0.006786164
0.006860075
0.006897942
0.006883277
0.006896334
0.006869598
0.006753764
0.006716745
0.006615581
0.00655259
0.006584262
0.006589742
0.006482096
0.006464701
0.006474423
0.006486762
0.006516765
0.00652688
0.006528694
0.006615292
0.006629137
0.006625269
0.00660203
0.006618159
0.006580701
0.00658353
0.006602295
0.00658485
0.006565513
0.006547899
0.006585804
0.006593697
0.006593697
0.006564341
0.006586687
0.006617094
0.006654112
0.006848837
0.006902948
0.006912958
0.006922178
0.006861838
0.00622925
0.005677359
0.005216292
0.004766976
0.00387553
0.003660916
0.003395151
0.003242511
0.003142475
0.003097586
0.002944515
0.00291148
0.002861242
0.002856795
0.002712707
0.002680449
0.002662579
0.00263136
0.002627298
0.002638488
0.002704075
0.002743408
0.002768409
0.002799273
0.002874888
0.002885338
0.002874525
0.002942472
0.002967425
0.00298111
0.002964636
0.00295854
0.002926592
0.002898742
0.002884699
0.002868687
0.002869725
0.002862975
0.002891355
0.002921788
0.00293884
0.002909574
0.002931609
0.00296341
0.002987533
0.003131232
0.003201034
0.003277574
0.003255603
0.003245676
0.003244651
0.00329711
0.003327353
0.003389964
0.003640338
0.003813868
0.003888023
0.004015692
0.004151011
0.004168937
0.004373094
0.004523087
0.004599112
0.00456608
0.0045004
0.004436181
0.00437821
0.004230105
0.004152338
0.004104619
0.004046772
0.004101479
0.004148107
0.004326295
0.005002974
0.005192315
0.00556944
0.005896073
0.006103259
0.006503773
0.006672182
0.006847133
0.007011974
0.007420837
0.007814305
0.008104215
0.008401407
0.008801457
0.008933872
0.009920934
0.01044213
0.0110214
0.01115753
0.01122557
0.01119621
0.011207
0.01145753
0.01172226
0.01208617
0.01210814
0.0123287
0.01271723
0.01275979
0.01259813
0.01234546
0.01204236
0.011943
0.01157505
0.01134755
0.01130058
0.01119666
0.01117671
0.01117481
0.01122388
0.01109356
0.01092833
0.01062609
0.01025987
0.009820735
0.009323793
0.008713736
0.008773743
0.008858611
0.009024339
0.009179006
0.009179006
0.009582355
0.009605536
0.009600685
0.00956461
0.009666821
0.009710576
0.009807243
0.009879452
0.009999686
0.01002508
0.01004228
0.0100478
0.009954087
0.009928128
0.009999529
0.01009565
0.01018441
0.01020573
0.01028899
0.01023614
0.01018065
0.01008897
0.009886663
0.009677577
0.009352686
0.008860579
0.008468129
0.00814478
0.007513076
0.007809504
0.008013888
0.008074963
0.008179879
0.008271131
0.00812565
0.008061147
0.008010478
0.007911162
0.007293538
0.00690451
0.006454614
0.006024665
0.005790997
0.005623538
0.005460266
0.005274773
0.005233936
0.005247477
0.005176181
0.005282152
0.005287415
0.005253074
0.005224409
0.005165547
0.004983129
0.004868689
0.0047932
0.004715536
0.004637815
0.004514964
0.004489618
0.004435375
0.004377223
0.004368101
0.004315218
0.004287794
0.004267656
0.00425085
0.00422089
0.00420762
0.004180022
0.00415023
0.004111241
0.004083956
0.004051808
0.003982757
0.003811181
0.003740132
0.0037305
0.003825142
0.003895332
0.003997685
0.004224735
0.004457624
0.005065019
0.005233697
0.005709254
0.005997868
0.006840729
0.007174367
0.007590857
0.00790744
0.008489044
0.008927412
0.00929808
0.009668117
0.009920393
0.009999137
0.009579296
0.009543735
0.009517172
0.009550569
0.009575227
0.009521273
0.009398589
0.009452756
0.009364509
0.009332592
0.009083125
0.008797335
0.008591977
0.008193502
0.007627998
0.007423413
0.007114084
0.006963889
0.006921549
0.006885035
0.006608782
0.006490278
0.006431375
0.006443355
0.006281044
0.006122701
0.005880705
0.005804694
0.005672821
0.005577748
0.005505167
0.005305144
0.005201296
0.005116516
0.0050006
0.004928153
0.00479784
0.004871481
0.004910874
0.005060021
0.005529698
0.00573406
0.006072536
0.00631137
0.006631564
0.006903169
0.007116553
0.00733213
0.007568813
0.007647483
0.007874503
0.007916357
0.007972619
0.008069768
0.008153414
0.008238626
0.008376626
0.008516167
0.008550021
0.008848428
0.008947506
0.009031015
0.00918113
0.009299224
0.009381099
0.009426179
0.009546076
0.009624104
0.009707259
0.009675914
0.009678775
0.009664568
0.009626579
0.009563228
0.009537629
0.009526247
0.009617607
0.009632262
0.009605522
0.009663912
0.009773576
0.009845147
0.009942801
0.01003024
0.01011292
0.01012958
0.01014078
0.0102889
0.01028541
0.01023414
0.01024918
0.01026615
0.009806992
0.009627431
0.009652522
0.009438384
0.009014145
0.008716207
0.008569793
0.008351256
0.008154957
0.007992592
0.007636978
0.007636978
0.007527482
0.007326948
0.007001682
0.006760548
0.006538542
0.006395994
0.006155379
0.006063682
0.005821868
0.005631454
0.00549765
0.005538492
0.005358798
0.005286279
0.0052669
0.005145181
0.004896412
0.004934423
0.004922994
0.004867012
0.004836961
0.004775886
0.004767086
0.004667557
0.004654042
0.004626951
0.004652667
0.004764317
0.004837696
0.004873029
0.004871992
0.00488904
0.004971308
0.005075919
0.005191191
0.005284194
0.005365804
0.005502946
0.005484419
0.005512639
0.005485433
0.005385546
0.005249138
0.005195889
0.004876859
0.004692994
0.004117957
0.003927087
0.003826008
0.003690113
0.003625742
0.003523695
0.003459718
0.003457646
0.003498771
0.003438553
0.003564055
0.003590581
0.003672333
0.003748777
0.003850612
0.003963494
0.004016731
0.004088091
0.004313018
0.004370064
0.004397458
0.004515242
0.004598271
0.004590733
0.004608791
0.004690249
0.004679123
0.00468833
0.00462595
0.004582867
0.004572058
0.004610947
0.004666303
0.004842795
0.005191464
0.00549845
0.005819985
0.00588687
0.005959226
0.00621627
0.006847776
0.007251734
0.007454134
0.007790846
0.007948322
0.007806126
0.007913992
0.008089669
0.008167584
0.008229073
0.008394086
0.008413967
0.008432258
0.008422748
0.008427879
0.008441399
0.008549068
0.008661757
0.008736857
0.008847576
0.009107414
0.00933181
0.009441677
0.009603167
0.009714576
0.009779045
0.01008958
0.01023031
0.01038289
0.01046127
0.0105656
0.01071638
0.01079379
0.01081812
0.01101442
0.0110866
0.01108085
0.01108274
0.01122443
0.01137722
0.01161287
0.01201385
0.01218654
0.01231992
0.01250602
0.01261351
0.01269414
0.01264643
0.012685
0.01267046
0.012658
0.0125654
0.01249353
0.01233055
0.01223185
0.01212095
0.0118915
0.01163553
0.01123299
0.01094011
0.010579
0.01042852
0.01030151
0.009953509
0.009898441
0.009785029
0.009364153
0.009128707
0.008915049
0.008585085
0.008676533
0.008525889
0.008406829
0.008272774
0.008172411
0.008139906
0.008132827
0.008139933
0.008249612
0.008286216
0.008310869
0.008398227
0.008539032
0.008794888
0.009219975
0.009391324
0.009645885
0.009654377
0.009506481
0.009466382
0.008932792
0.008580447
0.008296934
0.007920979
0.007785716
0.007664143
0.007676226
0.007636169
0.007563361
0.007554045
0.007572002
0.007551227
0.007527502
0.007530183
0.007553217
0.007550719
0.00762077
0.007728622
0.007953904
0.008112785
0.008723351
0.009110111
0.009307033
0.009619081
0.009691417
0.009720867
0.009688746
0.009805973
0.009960409
0.009891461
0.009913373
0.009960838
0.009960784
0.009938733
0.009857742
0.00984474
0.009856715
0.009859569
0.009866858
0.009925691
0.009985412
0.01006846
0.01007478
0.01010469
0.01011978
0.01014612
0.01025143
0.01028081
0.01031359
0.01036321
0.01058303
0.01063343
0.01076758
0.01076949
0.01080344
0.0108914
0.01092122
0.01100784
0.01111417
0.01111977
0.01118008
0.01125794
0.0112602
0.01128638
0.01134858
0.01147012
0.01165868
0.01177084
0.01184875
0.01200504
0.0123354
0.01253632
0.01261557
0.01260176
0.01278742
0.0128251
0.01297605
0.01300235
0.01296689
0.01285065
0.01253935
0.01234205
0.01218486
0.01170635
0.01119888
0.01078546
0.01010682
0.01013889
0.0103043
0.01038103
0.01050005
0.01054139
0.01061672
0.01069817
0.01068411
0.01075049
0.01085509
0.01106192
0.01125003
0.01126821
0.01123859
0.01125105
0.01128717
0.01129496
0.01132465
0.01132729
0.01125217
0.01123494
0.01112612
0.01106594
0.01092544
0.01095419
0.01094454
0.01096589
0.01104218
0.01112726
0.01112981
0.01107209
0.01104049
0.01103444
0.01102027
0.01109245
0.01114748
0.01114748
0.01134408
0.01137247
0.01134009
0.01128851
0.0112481
0.01120012
0.01116899
0.01112756
0.01100509
0.01076042
0.01051906
0.01043952
0.01010918
0.01002227
0.01012087
0.01014651
0.01034029
0.01057094
0.0107424
0.01085018
0.01092433
0.01084866
0.01091063
0.01097873
0.0111273
0.01139359
0.01145262
0.01149691
0.01152049
0.01153036
0.01150751
0.01147918
0.01145087
0.01147227
0.01147662
0.01144959
0.01139998
0.01131926
0.01122837
0.01111695
0.01108497
0.01093283
0.01044922
0.01030773
0.01016103
0.01010015
0.01019179
0.010247
0.01037188
0.01058857
0.01067084
0.01070431
0.0107305
0.01096309
0.01096496
0.01090734
0.01085468
0.01068537
0.01044304
0.01020408
0.009897653
0.009669197
0.009464827
0.009506981
0.009458953
0.009271036
0.009008935
0.008852287
0.008837667
0.008868941
0.008819815
0.008744293
0.00870733
0.008518934
0.008416736
0.008295186
0.008140136
0.008106974
0.008124501
0.008106074
0.008106302
0.008007046
0.007958159
0.007812547
0.007729327
0.007522319
0.007432816
0.007292994
0.007186101
0.00704284
0.006953082
0.006845866
0.006743066
0.006653958
0.006571586
0.006554426
0.006612655
0.006708032
0.006818424
0.006938885
0.00701732
0.00713996
0.007273505
0.007444113
0.007518931
0.007713205
0.007793165
0.007844565
0.007909832
0.007935354
0.008012507
0.00806404
0.008031338
0.008023208
0.008061996
0.008096256
0.008146123
0.008198127
0.008211728
0.008269218
0.008366131
0.008417235
0.008654081
0.008748389
0.00889916
0.008901412
0.008901958
0.008897812
0.008939774
0.008929485
0.00889782
0.008863748
0.008906782
0.008952189
0.008965161
0.008932036
0.008864621
0.008827517
0.008802573
0.008709329
0.008685648
0.008682591
0.008515624
0.008385844
0.008215903
0.008036249
0.007856647
0.007559282
0.007282887
0.00721858
0.007056648
0.007008485
0.006592295
0.006340212
0.006210981
0.006011569
0.005920366
0.005966092
0.005982359
0.005947661
0.006021646
0.006227224
0.006815059
0.007001343
0.007038629
0.007140889
0.007341376
0.007469813
0.007565232
0.007439536
0.007399905
0.007404523
0.007506022
0.00752128
0.007507074
0.007477185
0.007255231
0.007228442
0.007193864
0.007106375
0.007050366
0.007033895
0.006925934
0.006935306
0.006878812
0.006850065
0.006652702
0.006603554
0.006493449
0.00641297
0.006347777
0.006267205
0.006152819
0.006054607
0.006009748
0.005875633
0.005578632
0.005436836
0.005300361
0.005169311
0.005059815
0.004938762
0.004810659
0.004666903
0.004590337
0.004443053
0.004533897
0.00456147
0.004658812
0.004800114
0.005060772
0.005481657
0.005639355
0.005751475
0.005838549
0.005958431
0.006091014
0.006037069
0.005949848
0.006019644
0.006036892
0.006010874
0.005999549
0.00600295
0.006040515
0.00616277
0.006481905
0.006867113
0.006962348
0.007332862
0.007440586
0.007617278
0.007751032
0.007778332
0.007799994
0.007831974
0.007836324
0.007779283
0.007738556
0.00766289
0.007442326
0.007190695
0.006768887
0.00665149
0.006614715
0.006359931
0.005948718
0.005789908
0.005669253
0.005595212
0.005587586
0.005570652
0.005479785
0.005324773
0.005059133
0.00498599
0.004969848
0.004910575
0.00493504
0.00489619
0.004935981
0.004994108
0.005019209
0.005028033
0.005013795
0.004973935
0.004926578
0.00502501
0.005144868
0.005137962
0.005108481
0.005056492
0.004924509
0.004816667
0.004713485
0.004583386
0.004553461
0.004423825
0.004352212
0.004320507
0.004188878
0.004053205
0.004076111
0.004039227
0.003984638
0.003966096
0.003922062
0.003832878
0.003777119
0.003741473
0.003713127
0.003691734
0.003655784
0.003705829
0.003777071
0.00391428
0.004006319
0.004169452
0.004291216
0.004469623
0.004639161
0.004746293
0.005033764
0.005113448
0.00521725
0.005256419
0.005483446
0.005699384
0.005835262
0.005986611
0.006105137
0.006234758
0.00618813
0.006206906
0.006075657
0.00591334
0.005759089
0.005464233
0.005250768
0.004991751
0.004798088
0.004536659
0.004434529
0.004290148
0.004216426
0.004186839
0.004162419
0.00415458
0.004091524
0.004030097
0.004007249
0.004005213
0.004022942
0.004055505
0.004066281
0.004071756
0.004070418
0.004075748
0.004081262
0.004088869
0.004080705
0.004068518
0.004055049
0.004063948
0.004084136
0.004115765
0.004195593
0.004232686
0.004321225
0.004504924
0.004543614
0.004658455
0.004746346
0.004855457
0.004930289
0.004996397
0.005134653
0.005191056
0.005265019
0.005343645
0.005399147
0.005448879
0.00547479
0.005670345
0.005782813
0.005759891
0.005813154
0.005833518
0.005848528
0.005849325
0.005843939
0.005834219
0.005862529
0.005925399
0.005941671
0.005977953
0.005933903
0.005868075
0.005807217
0.005725214
0.00560219
0.005480851
0.005126334
0.004963232
0.00481559
0.004805694
0.004667057
0.004602919
0.004494352
0.004395639
0.004326347
0.00421706
0.004211309
0.004172658
0.004107323
0.004086996
0.004073475
0.00408524
0.00409988
0.004096959
0.004090391
0.004078125
0.004086592
0.004082532
0.004110718
0.004129032
0.004140572
0.004165218
0.004190761
0.004195801
0.004190439
0.004238183
0.004284304
0.00427626
0.004313489
0.004330322
0.004325747
0.004314856
0.00431498
0.004277296
0.00427837
0.00431312
0.004455504
0.00445697
0.004497606
0.00448458
0.004471618
0.004492036
0.004540747
0.004551049
0.004572286
0.004634643
0.004645045
0.004655875
0.004667917
0.004682094
0.004630992
0.004573606
0.004549349
0.004504795
0.004459698
0.004445327
0.004136931
0.004160772
0.004059376
0.004088724
0.004088724
0.004082747
0.004135631
0.00420089
0.004283842
0.004277796
0.004312361
0.004342732
0.004397453
0.00442738
0.004558449
0.004640105
0.004645654
0.004673175
0.004658279
0.004648033
0.004617059
0.004560458
0.004540944
0.004573639
0.004631552
0.004653982
0.004647262
0.004629582
0.004648884
0.00464477
0.004670076
0.004807564
0.004832851
0.00482529
0.004849943
0.004866074
0.004868174
0.004880206
0.004887497
0.004942092
0.005038464
0.005069244
0.005129494
0.005170901
0.005171581
0.005159445
0.005165515
0.005142294
0.00506927
0.005006171
0.004960118
0.004979859
0.004957249
0.004916243
0.004826886
0.004812273
0.004809507
0.004872623
0.004956526
0.005038001
0.0051019
0.005172651
0.00513187
0.005148227
0.005095055
0.004999885
0.004950792
0.00487903
0.004747757
0.0046625
0.0046125
0.004592235
0.004595052
0.004595716
0.004571215
0.004599774
0.004631769
0.004662689
0.004657591
0.004652662
0.004408048
0.004293513
0.004063479
0.00384403
0.003692514
0.003211223
0.003206342
0.003197834
0.003201373
0.003179119
0.003205878
0.003195683
0.003269373
0.00337687
0.003753839
0.003858014
0.003989166
0.003987602
0.004023099
0.004026613
0.004038563
0.004113003
0.004122183
0.004119881
0.004158311
0.004186644
0.004202154
0.00418353
0.004156025
0.004094099
0.004097116
0.004064039
0.004031878
0.003996004
0.003945204
0.00392936
0.003924183
0.003892929
0.003821221
0.003814379
0.003816432
0.003797854
0.003821346
0.00389771
0.00392665
0.003994673
0.004113665
0.004122779
0.00412486
0.004107744
0.003921319
0.003876351
0.003761165
0.003618451
0.003512635
0.003428185
0.003481213
0.003480416
0.003414083
0.003364341
0.003378848
0.003344215
0.003282447
0.003263362
0.003273112
0.003304443
0.003297819
0.003313568
0.003328289
0.003308604
0.003301448
0.003312182
0.003385516
0.00338624
0.003388479
0.003405453
0.003402879
0.003366719
0.0033553
0.003360483
0.003396378
0.003393903
0.003393849
0.00336387
0.003335249
0.003320122
0.00330058
0.003302964
0.003298557
0.003322686
0.003317753
0.003276206
0.003251027
0.003233422
0.003192672
0.003182384
0.003172761
0.003165296
0.00317593
0.003202218
0.003234009
0.003421745
0.003468874
0.003614669
0.003766475
0.003848446
0.003876494
0.003987082
0.004078936
0.004128401
0.004102907
0.004141056
0.004133983
0.004170993
0.004176881
0.004184705
0.004167078
0.004133235
0.004094009
0.004038534
0.003832012
0.003734456
0.003719533
0.00368807
0.003652721
0.003683362
0.003764443
0.004000868
0.004085913
0.004042428
0.004319403
0.004354013
0.004362419
0.004349126
0.004266529
0.004315425
0.004367548
0.00437052
0.004443591
0.004677134
0.005807796
0.006498727
0.007667462
0.008748119
0.01106479
0.01237279
0.01297308
0.01415259
0.01516882
0.01561592
0.01632306
0.01633294
0.01627831
0.01646443
0.01634706
0.01631914
0.01624969
0.01617629
0.0161028
0.0161478
0.01605623
0.01592021
0.01580684
0.01568085
0.01517623
0.01505165
0.01516358
0.01509236
0.01508345
0.01511088
0.01513393
0.01513671
0.01509963
0.01505753
0.01500217
0.01487778
0.01477643
0.01479763
0.01470666
0.01454042
0.01391534
0.01377747
0.01364398
0.0136355
0.01354226
0.01344798
0.01332058
0.01319711
0.01310664
0.01297305
0.01282074
0.0127523
0.01280312
0.0127956
0.01291092
0.01294333
0.01290801
0.01278813
0.01267142
0.01251309
0.01260821
0.01267965
0.0128699
0.01313459
0.01379303
0.01405487
0.01438969
0.01452354
0.01444339
0.01429252
0.01350185
0.01258979
0.01177063
0.01089298
0.009551154
0.009171527
0.008850678
0.008414824
0.0079138
0.007649663
0.007220624
0.007164355
0.007092441
0.007050632
0.007144201
0.007241285
0.007282551
0.007368352
0.007475594
0.007670218
0.007977908
0.008289378
0.008533575
0.008742865
0.008931951
0.009327575
0.009434956
0.009378138
0.009458005
0.009477781
0.009377001
0.00936715
0.009365132
0.00944126
0.009555151
0.009610244
0.009637368
0.009660707
0.009680437
0.009737676
0.01000201
0.01030239
0.01052432
0.01078044
0.0113958
0.0113455
0.01119729
0.01136569
0.01146023
0.011529
0.01163192
0.01172743
0.01176613
0.01182135
0.01188387
0.01189292
0.01191676
0.01185228
0.01179944
0.01171149
0.01157962
0.01135448
0.0111826
0.01095902
0.01025705
0.01012818
0.009775761
0.009156644
0.008859978
0.008747643
0.008373807
0.008038832
0.007755537
0.007599812
0.007118986
0.006847529
0.006633699
0.006474812
0.006327034
0.006260402
0.006156262
0.006013257
0.005958959
0.005951365
0.005920468
0.00575125
0.005744248
0.005704549
0.005647124
0.005584567
0.005459884
0.005398205
0.00535036
0.005300681
0.005208144
0.005211373
0.005195132
0.005160017
0.005146477
0.005117438
0.005095455
0.00509991
0.005109421
0.005132508
0.005192299
0.005332483
0.005386004
0.005457163
0.005576253
0.005582394
0.005731321
0.005913562
0.005972741
0.006187735
0.006288392
0.006306504
0.006686502
0.006845981
0.007400356
0.007610108
0.007671277
0.007729355
0.007790803
0.007751251
0.007843946
0.007858827
0.007722638
0.007542683
0.007275959
0.007106527
0.006924231
0.007146751
0.007083823
0.006996269
0.007023607
0.007146098
0.007255235
0.007517412
0.00774795
0.007989796
0.00820935
0.008809005
0.009063555
0.009025078
0.009240384
0.00930162
0.009167914
0.009138267
0.009139903
0.00913813
0.009032297
0.009002839
0.008967759
0.008932029
0.008902143
0.008885431
0.008852475
0.00882254
0.008876329
0.009212801
0.01002177
0.01051733
0.01113375
0.01171931
0.01268852
0.01317811
0.01344281
0.01356441
0.0137305
0.01382421
0.01420904
0.01413871
0.01411418
0.01403209
0.01385325
0.01372179
0.01354071
0.01327606
0.01285836
0.01249143
0.01213193
0.0120034
0.01173228
0.01164526
0.01150999
0.01137209
0.01133422
0.01126944
0.01106415
0.01100628
0.01101444
0.01092488
0.01085465
0.01066591
0.01045705
0.009713238
0.009338016
0.008887787
0.008315387
0.007939444
0.007322062
0.007102477
0.006843504
0.006561506
0.006287005
0.006235517
0.006241166
0.006213455
0.006126201
0.006128334
0.006088262
0.006025675
0.005946308
0.005830228
0.005575357
0.00541473
0.005224824
0.005053968
0.004978232
0.004917171
0.004878771
0.004649866
0.004640095
0.004567549
0.004455427
0.004414183
0.004354672
0.004247962
0.004209462
0.00418731
0.004164015
0.004124226
0.004069045
0.003983288
0.003803007
0.003773817
0.003723729
0.003667447
0.003630619
0.003627685
0.003692318
0.003755289
0.003781538
0.003856913
0.003962335
0.004050376
0.004055663
0.004213682
0.004222487
0.004331624
0.004534149
0.004671147
0.00483444
0.005084467
0.005476118
0.005801253
0.005940775
0.006125962
0.006338435
0.006480567
0.006571259
0.006511524
0.006450763
0.006480439
0.006447924
0.006443375
0.006366868
0.006356554
0.006266087
0.006118577
0.006081098
0.005994027
0.006000972
0.005997656
0.006014215
0.006037914
0.006030098
0.006057289
0.006085708
0.006121256
0.00612304
0.006185133
0.006265068
0.006267639
0.006253498
0.006214086
0.006212267
0.006177288
0.006154533
0.006162613
0.00617637
0.006155304
0.006151681
0.006121574
0.006093408
0.006088974
0.006102414
0.006188506
0.006461021
0.006719453
0.007313272
0.007665675
0.008038932
0.008388671
0.008842734
0.00896631
0.009055927
0.009099002
0.009238696
0.00939512
0.009390895
0.009397079
0.009425231
0.009374005
0.009303113
0.009244741
0.009040657
0.0089306
0.008738975
0.008552405
0.008236105
0.008393648
0.008434711
0.008447605
0.008398481
0.008392801
0.008428516
0.00844829
0.008539373
0.008642078
0.008706538
0.008814088
0.00889534
0.008877977
0.008939533
0.008988651
0.009037009
0.009098392
0.009131894
0.009178108
0.009109164
0.009066308
0.009016884
0.008931988
0.008651093
0.008421605
0.008287725
0.008015946
0.007771601
0.00759065
0.007678125
0.007678518
0.007674218
0.007614959
0.007429284
0.007355648
0.00730378
0.007234566
0.007226532
0.007240873
0.007357933
0.00743457
0.007510244
0.007589319
0.00782465
0.007866594
0.007942057
0.008122864
0.008246661
0.008428005
0.008754968
0.008864365
0.008880329
0.008936377
0.009003868
0.009173119
0.009238906
0.00929434
0.009339157
0.009402468
0.009435404
0.00945712
0.009454528
0.009423778
0.009242413
0.009094178
0.008910586
0.00870954
0.00852972
0.008311031
0.007993033
0.007883215
0.007822081
0.007723756
0.007698589
0.007710308
0.007632426
0.007618123
0.007625165
0.007666287
0.007852687
0.007965893
0.008108785
0.008379073
0.008520102
0.008580475
0.008589114
0.008626919
0.008643138
0.008614252
0.008554593
0.008534199
0.008467067
0.008401285
0.008320678
0.008104225
0.008041537
0.007892585
0.007816159
0.007732704
0.007488722
0.007455955
0.007419238
0.007414103
0.007378829
0.007448538
0.00749062
0.007579355
0.007738097
0.007890408
0.008038778
0.008130617
0.008152282
0.008250763
0.008364473
0.008371663
0.008448216
0.008532567
0.008582523
0.008615878
0.008665484
0.008693037
0.008685271
0.008694439
0.008737936
0.008760736
0.008796543
0.008815777
0.008849007
0.008842647
0.008838107
0.008811958
0.008767704
0.0087308
0.008686679
0.008637287
0.00860794
0.008511646
0.008426471
0.008274472
0.007970293
0.007851019
0.007688169
0.007378995
0.007022345
0.006865715
0.006742442
0.006674623
0.006510987
0.006361492
0.006168202
0.006091991
0.00603215
0.005963091
0.005973909
0.005982754
0.006021222
0.006054848
0.006124877
0.0061597
0.00619034
0.006188625
0.006190438
0.00618311
0.006147984
0.006106053
0.006063043
0.005996794
0.005920213
0.005876141
0.005826057
0.005807231
0.005772783
0.005744328
0.005745481
0.005748088
0.005725023
0.005692839
0.005650991
0.005628687
0.005603722
0.00561202
0.005577495
0.005527935
0.005451402
0.005398535
0.00532007
0.005228174
0.005207059
0.005166078
0.005164671
0.005166507
0.005114618
0.005088968
0.005019217
0.005007922
0.004972648
0.005061062
0.00515578
0.005270156
0.005393107
0.005442401
0.005467264
0.005488862
0.005558706
0.005562568
0.005557785
0.00560693
0.005585483
0.005654345
0.005857428
0.006088908
0.006421137
0.006630545
0.007033034
0.0073187
0.00743246
0.007367014
0.007357885
0.00735778
0.007339724
0.007397014
0.007374544
0.007378612
0.00736389
0.00735409
0.007321999
0.007307727
0.00734055
0.007374833
0.007498748
0.007967453
0.008202923
0.008370094
0.008850318
0.009050515
0.009424293
0.009662782
0.009820825
0.01001469
0.01007534
0.01022734
0.01040985
0.01045646
0.01051962
0.01049444
0.01045948
0.01026175
0.009973259
0.009682087
0.009309504
0.008414912
0.008003423
0.007640237
0.007213055
0.007186953
0.007217504
0.007268861
0.007344977
0.007429658
0.007327707
0.007258455
0.007194709
0.007105934
0.006993242
0.006980989
0.006989877
0.007007662
0.007020974
0.007041345
0.007203243
0.007323854
0.007528229
0.007916358
0.008476716
0.008511233
0.008719245
0.008888251
0.009097398
0.009182372
0.00949741
0.009573532
0.00969452
0.00972582
0.009842359
0.009840163
0.00990264
0.009935419
0.009915543
0.009912928
0.009850594
0.009786062
0.009636696
0.009515686
0.009478658
0.009270756
0.009299127
0.009238602
0.009164513
0.00906988
0.009000599
0.008966411
0.008912128
0.008833676
0.008782837
0.008978797
0.009572573
0.01060218
0.011957
0.01284844
0.01457728
0.01517496
0.01533084
0.01552827
0.01570007
0.01589261
0.01621625
0.01670096
0.01689072
0.01705519
0.01756322
0.01771575
0.01774996
0.01778072
0.01769026
0.01755026
0.0174837
0.01739263
0.01721161
0.01720958
0.01694779
0.01679058
0.01671254
0.01665924
0.01653299
0.01637456
0.01639417
0.01639208
0.01636046
0.01636668
0.01630434
0.01625367
0.01607282
0.01569853
0.01540296
0.01511753
0.01487507
0.01450402
0.01429697
0.01403913
0.01343205
0.01292856
0.01260425
0.01240469
0.01232898
0.0125723
0.01255473
0.01254559
0.01254312
0.01255058
0.01262533
0.01264016
0.0126183
0.01265118
0.01258675
0.01253685
0.01252573
0.01241969
0.01222211
0.01182214
0.0115164
0.0113082
0.01121076
0.01143135
0.01143012
0.01225224
0.01253649
0.01285925
0.01303523
0.01323402
0.01320129
0.01297076
0.01279602
0.01247892
0.011812
0.01049921
0.009837925
0.009236444
0.008577949
0.007943903
0.007300941
0.007030393
0.006885205
0.006815391
0.006616367
0.006530412
0.006572098
0.006709606
0.006675179
0.006730424
0.006696415
0.006667107
0.006693916
0.006706089
0.006824758
0.006931509
0.006950559
0.007056355
0.00713272
0.007209407
0.007249671
0.007359752
0.007408164
0.007504466
0.007583146
0.007578445
0.007604341
0.007668529
0.007692225
0.007724405
0.00779728
0.007801681
0.007807563
0.007791534
0.007705952
0.007737845
0.007756021
0.007840443
0.007964544
0.008175259
0.008862682
0.009285388
0.009442496
0.009538265
0.009717753
0.009616395
0.009583131
0.009613839
0.009629665
0.009628887
0.009664374
0.009664436
0.009624778
0.00954783
0.009346697
0.00925678
0.009231141
0.009214326
0.009233092
0.009236759
0.009234979
0.009278088
0.009314458
0.009385159
0.009448507
0.009530489
0.009692986
0.009758646
0.009734127
0.009740032
0.009686588
0.009486668
0.009365625
0.009207715
0.00891587
0.008846775
0.008741635
0.008599044
0.008406218
0.008259526
0.007932228
0.007876026
0.007758842
0.007801554
0.007655391
0.007577356
0.007548815
0.007479086
0.007420701
0.007367155
0.007355693
0.007340956
0.00734107
0.007396
0.007539703
0.007628761
0.007720412
0.007893299
0.008077941
0.008304606
0.008693779
0.008914502
0.009084767
0.009316924
0.009504172
0.009745592
0.009759284
0.009813089
0.009778057
0.009793046
0.009856769
0.009923977
0.009955174
0.010027
0.0100862
0.01010045
0.01008376
0.01005493
0.01003327
0.01004167
0.01013934
0.01015099
0.01020408
0.01026116
0.01028568
0.0103336
0.01039833
0.01055234
0.01057702
0.01059298
0.0106943
0.01075858
0.01076208
0.01077645
0.01078052
0.0107768
0.01071002
0.0105761
0.01055152
0.01053001
0.01054563
0.01051351
0.01050836
0.01046438
0.01035885
0.01030709
0.01022683
0.0101434
0.01009281
0.01003594
0.009953322
0.009929695
0.009970368
0.009944188
0.009900821
0.009875958
0.009853778
0.009891547
0.009922553
0.01001708
0.009993846
0.01003559
0.01008219
0.01009252
0.0101398
0.01018398
0.01016835
0.01017044
0.01013138
0.01014357
0.01013812
0.01012811
0.01011764
0.01005872
0.01002797
0.01005236
0.01005938
0.01003772
0.009971539
0.009895014
0.009801615
0.00977581
0.009721722
0.009651413
0.009614874
0.009584052
0.009571846
0.009519119
0.009526234
0.009520344
0.00953458
0.009547109
0.009612619
0.009664771
0.009852061
0.009980056
0.01008848
0.01017969
0.0103293
0.0105226
0.01074343
0.01073229
0.0107161
0.01074755
0.01076298
0.01076515
0.01076844
0.01080948
0.01083033
0.01085577
0.01089067
0.01086392
0.01078815
0.01074668
0.01065691
0.01068277
0.01068114
0.01073768
0.01077782
0.01081648
0.01079678
0.01076597
0.01077081
0.01076603
0.0108426
0.01090827
0.01100895
0.01112194
0.01126584
0.01131602
0.01160779
0.0118107
0.01192937
0.0119503
0.0119054
0.01189113
0.01187006
0.01189579
0.01184085
0.01179637
0.0117094
0.01165727
0.01161921
0.01146752
0.01127418
0.01124192
0.01112214
0.01106028
0.01106671
0.01106115
0.0110506
0.01098945
0.01090806
0.01082749
0.01074093
0.01072541
0.0107236
0.01068968
0.01068026
0.01068091
0.01063498
0.01061786
0.01058036
0.01047233
0.01042964
0.01041375
0.01040209
0.01042464
0.01045242
0.01052539
0.01067612
0.01064692
0.01071262
0.01088508
0.01103396
0.01102481
0.011092
0.0112132
0.01129487
0.01131256
0.01133766
0.0114548
0.01153882
0.01156185
0.01161523
0.01161013
0.01164041
0.01176875
0.01187788
0.0120184
0.01212888
0.01213961
0.01218891
0.01216299
0.0120718
0.01203962
0.0119604
0.01193933
0.01183914
0.01180239
0.01169845
0.01163997
0.01149882
0.01144989
0.01120704
0.01112776
0.01093894
0.01078386
0.01050563
0.01032768
0.01011555
0.0100563
0.01001074
0.01002148
0.01000779
0.00992044
0.009868246
0.009794773
0.009655125
0.00948952
0.009237499
0.008552971
0.008314162
0.008055008
0.007601687
0.007438906
0.007352193
0.007125866
0.007026225
0.006849719
0.00663879
0.006590269
0.006614389
0.00656643
0.006447026
0.006370154
0.00625829
0.006149008
0.006043187
0.005974167
0.005904855
0.005921592
0.005903171
0.005879037
0.005873227
0.005870693
0.005832898
0.005767821
0.005724553
0.005711989
0.005649101
0.005625533
0.005655038
0.005678352
0.00568227
0.005668682
0.005649282
0.005620497
0.005608126
0.00571403
0.005694154
0.005739253
0.005722403
0.005611623
0.005402863
0.005213534
0.004992342
0.004782031
0.004765633
0.004703874
0.004432063
0.004408116
0.004392413
0.004294843
0.004307289
0.004308122
0.004347319
0.004351588
0.004325518
0.00432711
0.004337568
0.004327123
0.004320465
0.004370597
0.004398805
0.004402449
0.004393409
0.004390053
0.004374922
0.004323599
0.004281225
0.00426269
0.004241538
0.004268676
0.004265489
0.004286878
0.004267918
0.004287135
0.00429748
0.004319225
0.004355337
0.00440837
0.004551874
0.004713305
0.005171737
0.005580619
0.005863052
0.006227137
0.00653851
0.006829897
0.006961816
0.007044274
0.007371836
0.007531604
0.007705187
0.007821198
0.007828989
0.007785255
0.007845232
0.007903038
0.008062825
0.008153067
0.008198236
0.008317525
0.008473729
0.00854218
0.008733912
0.008846464
0.008928995
0.008991055
0.009067429
0.009103604
0.009201522
0.009270532
0.009433856
0.009604708
0.009693245
0.009744748
0.009802961
0.009849732
0.009939418
0.01003259
0.01012058
0.01021538
0.01026096
0.01038649
0.0103895
0.01041955
0.01044569
0.01046266
0.01054807
0.010567
0.01060018
0.01064727
0.01072503
0.01076488
0.01075776
0.01076201
0.01077813
0.01078018
0.01076056
0.01074629
0.01070457
0.01061277
0.01056561
0.01054822
0.01049329
0.01038973
0.01029814
0.0102366
0.009757593
0.009614293
0.00933809
0.009163714
0.008890967
0.008735835
0.008601164
0.008366426
0.00825108
0.00812559
0.008086288
0.008106949
0.008101441
0.00809921
0.00809487
0.00808114
0.008049597
0.008006256
0.007973345
0.007943141
0.007798344
0.007688439
0.007602071
0.007573031
0.007453409
0.007528928
0.007473213
0.007424402
0.007382786
0.007385545
0.007481442
0.007614161
0.007692291
0.007818083
0.008172692
0.008209592
0.008297625
0.008308502
0.008299483
0.008320691
0.008361524
0.008403761
0.008486919
0.00867812
0.008760586
0.008776326
0.008743361
0.008694832
0.008619309
0.00847876
0.008195101
0.008076002
0.007980741
0.007832021
0.007719413
0.007600912
0.007435049
0.007301006
0.007188875
0.007097584
0.006963958
0.00693781
0.00690614
0.0069282
0.006879592
0.006819538
0.006774691
0.006680036
0.006665187
0.006641875
0.00661153
0.006598386
0.006567374
0.006553766
0.006495111
0.006455151
0.006366936
0.006248868
0.006131866
0.006020938
0.005784598
0.005576728
0.005482761
0.005325072
0.005050079
0.004907831
0.004800817
0.00467791
0.004528112
0.004365101
0.004205306
0.004178932
0.004141723
0.004052997
0.003869048
0.003801446
0.003848755
0.003816633
0.003910731
0.003998551
0.004176307
0.00433069
0.00448623
0.004655954
0.004778498
0.004925252
0.005059623
0.005120705
0.005176337
0.005176528
0.005204994
0.005239254
0.005264854
0.005272444
0.005234425
0.005194166
0.005138956
0.005110972
0.005099338
0.005036401
0.004993842
0.004882969
0.004738676
0.004457945
0.003793456
0.003410426
0.003264217
0.003191269
0.003170201
0.00331371
0.003275553
0.003232569
0.003293255
0.003296581
0.003369763
0.003460139
0.003502277
0.00361114
0.003743204
0.003875872
0.00411735
0.004086527
0.004214942
0.004405499
0.004472963
0.004544232
0.004602326
0.004718212
0.004685796
0.004719844
0.004691351
0.004829244
0.004903413
0.004923083
0.004798483
0.004722226
0.004632836
0.004483161
0.004369148
0.004342501
0.004141439
0.004113894
0.004012681
0.004000005
0.003956818
0.004009952
0.003974461
0.003994612
0.004097432
0.004370414
0.004634158
0.004885124
0.005146966
0.005343335
0.00558859
0.005753509
0.005877712
0.005988192
0.006086709
0.006076347
0.006067185
0.0060504
0.006052824
0.00607196
0.006115736
0.006097056
0.006089265
0.006070907
0.006087019
0.006084125
0.006064609
0.006042862
0.006034025
0.006044653
0.006055884
0.006106686
0.006208123
0.006316644
0.006306169
0.006334185
0.006432282
0.006530117
0.00667741
0.006849551
0.007290145
0.007561814
0.007841526
0.007986485
0.008265555
0.008433674
0.00847691
0.008473592
0.008493562
0.008582937
0.008876837
0.00906662
0.009277835
0.009273586
0.009350764
0.009474356
0.009410818
0.009392344
0.009399132
0.009464249
0.00956198
0.009599776
0.009627481
0.009618416
0.009607618
0.009590561
0.009562661
0.009529492
0.009490184
0.009438809
0.009384257
0.009348963
0.00932145
0.009294408
0.009252255
0.009190598
0.009050258
0.008999395
0.008951479
0.008922607
0.008801627
0.008803665
0.008768074
0.008688125
0.008571105
0.008450598
0.008372316
0.008308765
0.008278083
0.008259399
0.008308795
0.008331913
0.008435072
0.0084681
0.00858299
0.008698293
0.009017561
0.009168711
0.009381968
0.009636748
0.01010904
0.01017729
0.01024382
0.01036425
0.0103993
0.01043271
0.01045132
0.01044067
0.01048959
0.01050552
0.01059566
0.01068344
0.01074008
0.01074245
0.01075424
0.01074514
0.01074098
0.01080807
0.01083274
0.01084264
0.01085378
0.01086252
0.01084722
0.01084368
0.01080042
0.01075777
0.0107188
0.01056534
0.01057777
0.01054227
0.01044989
0.01041035
0.01022701
0.010016
0.009929482
0.009975213
0.009959608
0.01001161
0.009983461
0.009951114
0.009808608
0.00970526
0.009584183
0.009495887
0.009460797
0.009379876
0.008788794
0.008410149
0.007892122
0.007763614
0.007291634
0.006954051
0.00656587
0.00625062
0.006111177
0.005928457
0.005448231
0.005514235
0.005657114
0.005643737
0.005699972
0.005700262
0.005698181
0.005725267
0.005799586
0.005832373
0.005915268
0.00589445
0.005884508
0.005915837
0.006005467
0.006031679
0.006044625
0.006084783
0.006115024
0.006123397
0.006116859
0.006126352
0.006084734
0.006060313
0.006042701
0.006061364
0.0060585
0.006021898
0.00598117
0.005969072
0.005889892
0.005679645
0.005638349
0.005633758
0.005596819
0.005532108
0.00552702
0.005509059
0.005483428
0.005496439
0.005509634
0.005518097
0.005563139
0.005597178
0.005663599
0.005736296
0.005787864
0.005874422
0.00590426
0.005913667
0.005930558
0.005921808
0.005860426
0.005791205
0.005623518
0.005589005
0.005616322
0.00560766
0.005648924
0.005678748
0.005789098
0.005916267
0.006014928
0.006177922
0.006675038
0.007081605
0.007347588
0.007690792
0.00791859
0.008182219
0.008877777
0.008914493
0.008995455
0.009034422
0.008939551
0.008973325
0.008953392
0.008896018
0.00888871
0.008824076
0.008602078
0.008523335
0.008421693
0.008180883
0.008068241
0.00789669
0.007869865
0.007791174
0.007763969
0.007878729
0.007991768
0.008275804
0.008428903
0.008636635
0.009632769
0.01004411
0.01048322
0.01085575
0.01105093
0.01118306
0.01131079
0.01121945
0.01118231
0.01098993
0.01086299
0.01087217
0.01080303
0.0107578
0.01061775
0.01040541
0.01012122
0.00997603
0.009841087
0.009647455
0.009405875
0.00957126
0.009460551
0.009421583
0.009315106
0.009279221
0.009301946
0.009467426
0.009742467
0.009978492
0.01025234
0.01034431
0.01045655
0.01050955
0.01043118
0.01042706
0.01036959
0.01041641
0.01045642
0.01049201
0.0104086
0.01039506
0.01033824
0.01028865
0.01026985
0.01021829
0.01023338
0.01028916
0.01032265
0.01038124
0.01037646
0.01038024
0.01036276
0.01036733
0.01038386
0.01040649
0.01036465
0.01035011
0.01034146
0.01032787
0.01034869
0.01025284
0.009677389
0.00968349
0.009721192
0.009777061
0.01003003
0.01050962
0.01051297
0.01045136
0.01037355
0.01025378
0.01007487
0.009880184
0.009477234
0.009277726
0.008735441
0.007919611
0.007557863
0.007196261
0.00673077
0.006462962
0.006282435
0.005998258
0.005955629
0.005738367
0.00578544
0.005731423
0.005757094
0.00577097
0.005650743
0.005598378
0.005542406
0.00548114
0.00544876
0.005413945
0.005395368
0.005359572
0.005332602
0.005272456
0.005060665
0.005031045
0.004991129
0.004946993
0.00488947
0.004929921
0.004920194
0.004900799
0.004878685
0.004849961
0.004814498
0.004798763
0.00480173
0.00482489
0.004781596
0.004769279
0.004731911
0.004609523
0.004637837
0.004590487
0.004515528
0.004421201
0.004390575
0.004346678
0.004304705
0.004297177
0.004255937
0.004237557
0.004182257
0.004154367
0.004092531
0.004062954
0.004002738
0.004001385
0.004008644
0.004003125
0.004013084
0.004044821
0.004049661
0.004084706
0.004167391
0.004291613
0.0043213
0.00437383
0.00442278
0.004408258
0.004373863
0.004456841
0.004544654
0.00462949
0.00469261
0.004839345
0.004920825
0.005033228
0.005275533
0.005574198
0.005830374
0.006087041
0.006247588
0.006277252
0.006439238
0.006601314
0.006650916
0.006725235
0.006760434
0.006797673
0.006810311
0.0068154
0.006792739
0.006817718
0.006901717
0.006923792
0.006971844
0.006964822
0.006962651
0.006964745
0.007017947
0.00712163
0.007137384
0.00719772
0.007241835
0.007261979
0.007225313
0.007171904
0.007120944
0.007027366
0.007027366
0.007005359
0.006949417
0.006922681
0.006911449
0.006918071
0.006909731
0.006873235
0.006869548
0.00690076
0.00696941
0.007038733
0.007091869
0.007131767
0.007216786
0.007242228
0.007313946
0.007436202
0.007504069
0.007575617
0.00764414
0.007654651
0.007674194
0.007668843
0.007649141
0.00762835
0.007623472
0.00760653
0.007583599
0.007520564
0.007409035
0.007332179
0.0072673
0.007263927
0.007218137
0.007260557
0.007324041
0.007452493
0.007687277
0.007792793
0.007948092
0.008068597
0.008275573
0.008230153
0.008236383
0.008195674
0.008132289
0.008100766
0.007981623
0.007898484
0.007701326
0.007593066
0.007538066
0.007409478
0.007407868
0.007407812
0.007351928
0.007338492
0.00732633
0.007347198
0.007452529
0.007539366
0.007607176
0.007543555
0.007548412
0.007504385
0.007453217
0.007404251
0.007303966
0.007274241
0.007088617
0.006954347
0.006896145
0.006815337
0.006710157
0.006695369
0.006644925
0.006629156
0.006630345
0.006640405
0.006651057
0.006665962
0.00670061
0.006739197
0.006770146
0.006830864
0.006911617
0.007008244
0.007086595
0.007218997
0.007278149
0.007285474
0.007303087
0.00734248
0.007417488
0.007428466
0.007437277
0.007472529
0.007463288
0.007433257
0.007373553
0.007327747
0.007231081
0.007168371
0.007054605
0.006655312
0.006558515
0.006543091
0.006557622
0.006526414
0.006543546
0.00656553
0.006543614
0.006508821
0.006426831
0.006396598
0.006371983
0.006377113
0.006401213
0.006424878
0.006389964
0.00629724
0.006221075
0.006133323
0.006115655
0.006080572
0.006053443
0.006013738
0.005990594
0.005942937
0.005802461
0.005729916
0.005632691
0.005584163
0.00547811
0.005441923
0.005389382
0.005339743
0.005311408
0.005292384
0.005267265
0.005246184
0.005225985
0.005206597
0.005270574
0.005318188
0.005393845
0.005499599
0.005605987
0.005651158
0.005783515
0.005821299
0.005883699
0.005916947
0.006138651
0.006179141
0.006217644
0.006233267
0.006271691
0.006322456
0.006315466
0.006275481
0.006256137
0.006255814
0.006207359
0.0062202
0.006183961
0.006155539
0.006127763
0.006076526
0.006070607
0.006259516
0.006387416
0.006719688
0.006882149
0.007216145
0.007114865
0.007164533
0.007057129
0.006823372
0.006385709
0.0059918
0.005621417
0.005274899
0.004711113
0.004536262
0.004284809
0.00399313
0.003832699
0.003746769
0.003512901
0.003484975
0.00345273
0.003505214
0.003421039
0.003349649
0.003259254
0.003209791
0.003234743
0.003233391
0.003268588
0.003280561
0.003297397
0.003296442
0.003289568
0.003272039
0.003249017
0.00322165
0.003231183
0.003234698
0.003198678
0.003153093
0.003137857
0.003119535
0.003076896
0.003035283
0.003001696
0.002977328
0.002960495
0.002932207
0.002950063
0.003033974
0.003078153
0.003151002
0.003233807
0.003332305
0.003449486
0.003537943
0.003579032
0.003744459
0.00377354
0.003821739
0.00379121
0.003800006
0.003766267
0.003714859
0.003653562
0.003624877
0.003614158
0.003628719
0.003697339
0.003743631
0.003751319
0.003730654
0.003710443
0.003748684
0.003750868
0.003853943
0.004024979
0.004223176
0.004339514
0.004356121
0.004432383
0.004471852
0.004483817
0.004529001
0.004513239
0.004547055
0.004536102
0.0045366
0.004558925
0.004591442
0.004675721
0.004758228
0.004916193
0.004951219
0.004935825
0.004941237
0.00494491
0.004950431
0.004875009
0.004847595
0.004795332
0.004738519
0.0045818
0.004464217
0.004372834
0.004262261
0.004276665
0.004261934
0.004249212
0.004150076
0.004130679
0.00409647
0.004153152
0.0041817
0.004203812
0.004204274
0.004244187
0.004302021
0.004309583
0.004345404
0.004355854
0.00441342
0.004513851
0.004557732
0.004591635
0.004619278
0.004626428
0.004629501
0.00462926
0.004545747
0.004510088
0.004510314
0.004515661
0.004508143
0.004465813
0.004378147
0.004356998
0.004293812
0.004302474
0.004233596
0.004247684
0.004243551
0.004217502
0.00419566
0.00415772
0.004102232
0.004071987
0.004053948
0.004040529
0.004023157
0.004008709
0.003975879
0.003925349
0.003897482
0.003889296
0.003884617
0.003896531
0.003891032
0.003859296
0.003869034
0.003881276
0.003897372
0.003996996
0.004036348
0.004028317
0.004068449
0.004110633
0.00414437
0.004168923
0.004204269
0.00421164
0.00427657
0.004297545
0.004287442
0.00427141
0.004244009
0.004223995
0.00420257
0.004103821
0.004066864
0.004043274
0.004003993
0.00391426
0.003941565
0.003941151
0.003992258
0.004064797
0.004194891
0.004263186
0.004299001
0.004317092
0.004347785
0.004382612
0.004446646
0.00445519
0.004464605
0.004444427
0.00446697
0.004398322
0.004383697
0.004373353
0.004376101
0.004366016
0.004385568
0.004399755
0.004438981
0.00448234
0.004511823
0.004550268
0.004574292
0.004565286
0.004580616
0.004662158
0.004712062
0.00481087
0.004885868
0.004960295
0.005059095
0.005233685
0.00520093
0.005217606
0.005223707
0.005258481
0.005290841
0.005334135
0.005366727
0.005369755
0.005323149
0.005287556
0.005204407
0.005127167
0.005076336
0.005001952
0.004981521
0.004949468
0.004964058
0.004959889
0.00498496
0.005024463
0.005050325
0.005132762
0.005131715
0.005268971
0.005317756
0.005304714
0.005365212
0.005417643
0.005472758
0.005500239
0.0055366
0.00555491
0.005593985
0.005644517
0.005636757
0.005652742
0.005686048
0.005711579
0.005726129
0.005769092
0.005777111
0.005789508
0.00579832
0.005796843
0.00578981
0.005766
0.00572869
0.005683809
0.005666801
0.005625487
0.005611321
0.005584911
0.005590498
0.005578773
0.005567378
0.005593779
0.005568625
0.005567512
0.0055609
0.005579709
0.00559891
0.005610439
0.005578228
0.005541068
0.005524396
0.005482659
0.005426329
0.00537681
0.005331798
0.005265385
0.005258598
0.00520958
0.005199361
0.005125813
0.005081322
0.005040032
0.004993141
0.004967764
0.004896821
0.004911313
0.004911933
0.00490858
0.004901654
0.004818497
0.00481245
0.004787343
0.004777598
0.004787314
0.004826324
0.00489197
0.004933975
0.004973719
0.004972757
0.004985929
0.005027336
0.005036731
0.005103934
0.005146641
0.005158722
0.005107994
0.005089155
0.005071004
0.005017333
0.004970149
0.004851165
0.004810081
0.004829803
0.004846008
0.004930012
0.005322382
0.005450115
0.005607956
0.005844138
0.005945755
0.006073292
0.006102604
0.006113828
0.00610708
0.006091539
0.00602469
0.00601607
0.005720167
0.005622696
0.005536373
0.00557968
0.005566088
0.005527684
0.005544654
0.005562981
0.005604732
0.005596569
0.005631019
0.005680768
0.005675911
0.005686787
0.005693712
0.005757942
0.00576813
0.005774864
0.005835636
0.005938553
0.005989676
0.006070046
0.006112463
0.006167907
0.006210745
0.006273056
0.006342084
0.006412701
0.006497335
0.00650868
0.006529225
0.006568592
0.006586447
0.006574095
0.006582041
0.006624036
0.006672932
0.006782854
0.006939374
0.007006355
0.007107083
0.007207196
0.007419766
0.007540848
0.007767875
0.007967804
0.00804917
0.008159973
0.008249979
0.008238565
0.008278222
0.008241228
0.008108226
0.007987814
0.007846599
0.007717228
0.007488376
0.00731688
0.006964691
0.006741538
0.0066043
0.00651278
0.006252341
0.006177203
0.006166167
0.006063953
0.005903132
0.005776816
0.005584205
0.005529564
0.005533513
0.005485268
0.005521054
0.005603016
0.005697179
0.005826511
0.005972567
0.006052456
0.006247893
0.00638524
0.006541922
0.006669156
0.006723853
0.006893827
0.006918238
0.006987775
0.007001988
0.006997818
0.006986978
0.006981962
0.006975476
0.006978951
0.006959467
0.006964404
0.00696753
0.007012275
0.007069386
0.007153344
0.007278551
0.007368215
0.007441291
0.00741241
0.007532252
0.007600243
0.007619502
0.007628607
0.007596271
0.007539777
0.007410642
0.007356069
0.007229932
0.00719032
0.007150295
0.007142501
0.00715772
0.007108825
0.007119544
0.007124383
0.007139342
0.00712547
0.007102896
0.007068329
0.00698072
0.00694737
0.006933625
0.006952379
0.00708666
0.007322765
0.008552042
0.008881687
0.00920981
0.009461675
0.009792683
0.009940297
0.009945139
0.01008554
0.01019677
0.01030849
0.01020123
0.01028353
0.01035074
0.01042388
0.01044971
0.01043649
0.01041568
0.01040665
0.01039151
0.01035012
0.01032644
0.01015407
0.009795005
0.009497253
0.009061974
0.008339977
0.008187529
0.007997705
0.008104593
0.008197882
0.008443239
0.008630788
0.008802697
0.009089926
0.008971789
0.008913561
0.008870641
0.008856281
0.008812412
0.008766544
0.00845915
0.008447693
0.008313783
0.008117195
0.007709535
0.007561581
0.007425395
0.007516809
0.007463641
0.007430506
0.007326735
0.007334715
0.00731559
0.007377557
0.00765552
0.007783398
0.007925743
0.007909856
0.007871856
0.007803279
0.007743782
0.007783826
0.007831541
0.007846305
0.007867778
0.007846629
0.007681969
0.007476323
0.007211908
0.006979534
0.006549001
0.006492806
0.006356378
0.006343168
0.006430448
0.006763428
0.006905216
0.006968313
0.007275899
0.00720619
0.007622433
0.007905057
0.00789167
0.007850318
0.007707543
0.007547836
0.00753952
0.007466316
0.007361323
0.007232468
0.006919723
0.006784982
0.006598155
0.006462674
0.006222494
0.006250296
0.006367067
0.006234799
0.006102816
0.006033619
0.005992735
0.005972833
0.005936323
0.005889788
0.005843308
0.005751337
0.005759881
0.005785672
0.005796507
0.005818631
0.005987613
0.005982044
0.006025926
0.006018692
0.006063638
0.006167312
0.006190206
0.006305786
0.006350911
0.006390664
0.006430594
0.006470827
0.006510941
0.006524513
0.006545836
0.006524515
0.006513285
0.006497672
0.006499635
0.00646756
0.006482276
0.006436335
0.006425044
0.006413808
0.006344266
0.006319593
0.00625876
0.006194903
0.00616983
0.006146497
0.00610139
0.006079644
0.006073476
0.006045883
0.006129412
0.006171164
0.006240336
0.006303733
0.006345135
0.006373821
0.006553479
0.006591039
0.006633979
0.006652768
0.006664188
0.006688889
0.006707302
0.006749024
0.006825328
0.006821294
0.006865272
0.006845592
0.006854653
0.006889559
0.006862869
0.006851146
0.006830643
0.006894726
0.006939983
0.006931907
0.006935108
0.006978119
0.007015209
0.007106966
0.007127985
0.007198359
0.00722415
0.007216965
0.007135217
0.006913018
0.006464308
0.006224487
0.005993289
0.005783012
0.005832756
0.005923663
0.005972005
0.005858106
0.005849146
0.005780552
0.005660551
0.005585909
0.005532424
0.005431241
0.005261267
0.005273579
0.005217214
0.005200415
0.005200537
0.005165171
0.005117569
0.005051488
0.005039477
0.005057416
0.005109204
0.0051377
0.005140838
0.005102308
0.005013971
0.004885049
0.004546476
0.004391404
0.004263883
0.004103009
0.004033952
0.003742216
0.003672481
0.003554557
0.003504372
0.003474105
0.003444427
0.003426468
0.003402211
0.003390847
0.003358003
0.003329641
0.003305932
0.003264626
0.003249229
0.003229114
0.003256808
0.003289528
0.003354019
0.003443879
0.003703648
0.00382228
0.004092231
0.004332127
0.004550349
0.004606228
0.004763311
0.004792636
0.004886787
0.004831009
0.004893799
0.004911526
0.004896815
0.004833721
0.00474557
0.00468801
0.004499253
0.00439928
0.004379503
0.004269689
0.003956642
0.003815692
0.003711394
0.003580114
0.003423927
0.003361911
0.003347695
0.003368205
0.003380745
0.003437642
0.00364406
0.003923019
0.00426001
0.004528815
0.004777698
0.00498545
0.00546208
0.005705717
0.005958163
0.006210367
0.006523115
0.006632629
0.006620107
0.006680771
0.006668702
0.006688152
0.006697855
0.00673236
0.006786718
0.006814772
0.00655945
0.006426054
0.006411231
0.006420623
0.006393192
0.006336988
0.006342776
0.006347668
0.00636472
0.006396541
0.006398717
0.006465591
0.006486383
0.006515047
0.006555613
0.006593851
0.006527993
0.006497675
0.006394771
0.006396282
0.006287359
0.006240106
0.006117488
0.006100493
0.005951177
0.005927016
0.005740947
0.005528346
0.005319709
0.005005645
0.004376601
0.004069486
0.003772201
0.003391298
0.00309037
0.002750905
0.002099582
0.001688098
0.001739527
0.001554853
0.001322327
0.00119575
0.001296054
0.001337501
0.001342654
0.001331422
0.001482362
0.001707418
0.001849331
0.002044683
0.002273949
0.002623017
0.002812694
0.002816703
0.002825797
0.002799249
0.002823231
0.002790598
0.00280132
0.002834364
0.00293334
0.003027365
0.003159283
0.003311634
0.003387654
0.003480752
0.003738027
0.003989634
0.004265518
0.004584053
0.00510022
0.005261128
0.005387317
0.005352852
0.005261964
0.005323348
0.005219976
0.005210475
0.005158423
0.005088032
0.004900368
0.004857179
0.004686497
0.004589512
0.004467134
0.004284691
0.003888142
0.003746092
0.003553755
0.003514404
0.003464339
0.003234079
0.003156144
0.003007388
0.002907603
0.002778749
0.002653048
0.002568819
0.002472995
0.002422266
0.002328278
0.002291391
0.002302891
0.002289818
0.002291523
0.002335414
0.002384511
0.002524539
0.002602909
0.002678739
0.002804593
0.003189882
0.00337313
0.003501159
0.003642051
0.003741707
0.003958708
0.003939182
0.003987114
0.003983034
0.004073168
0.004103723
0.00413735
0.004149784
0.004107629
0.003998087
0.003826037
0.00380558
0.003739065
0.003735865
0.0036681
0.003685975
0.003693657
0.003726672
0.003817896
0.003832961
0.003934712
0.003966661
0.004068619
0.004163216
0.00419321
0.004273651
0.004258282
0.004301671
0.004331938
0.004336402
0.004359577
0.004368772
0.004404247
0.004481037
0.004550289
0.004560018
0.004540051
0.004570838
0.004554765
0.004561931
0.004553627
0.004628175
0.004634432
0.004640984
0.004632361
0.004589363
0.004517304
0.004410238
0.004295283
0.004198243
0.004139377
0.003954397
0.003948288
0.003941568
0.003908901
0.003802113
0.003761347
0.003722524
0.003681759
0.00367922
0.003668679
0.003627909
0.003606001
0.003571209
0.003528866
0.003507026
0.003497419
0.003462785
0.00346174
0.003456272
0.00346489
0.003529873
0.003564084
0.003609166
0.00365789
0.003840829
0.003967062
0.004094464
0.004080962
0.004109158
0.004087804
0.004085797
0.004086338
0.004050859
0.003975223
0.003929205
0.003922615
0.003921971
0.003947749
0.004038997
0.004396381
0.00467647
0.005001868
0.005199808
0.005365367
0.005470647
0.005455629
0.005452768
0.005371534
0.005338273
0.005136105
0.004975399
0.004905439
0.004620594
0.004681961
0.004669836
0.004683587
0.004633768
0.004619005
0.004598377
0.004571173
0.004480908
0.004473959
0.004474802
0.004439804
0.004353891
0.004269098
0.004152158
0.004106838
0.00405408
0.003930932
0.003945867
0.003930489
0.003902748
0.003839237
0.00382745
0.003861192
0.003904327
0.003932405
0.00397927
0.004065503
0.004122759
0.004196041
0.004145874
0.004158361
0.004138067
0.004091439
0.004077939
0.004048603
0.003982772
0.003967662
0.003964774
0.003966308
0.003977044
0.003961536
0.00397374
0.004011962
0.004090472
0.004181086
0.004278351
0.004344489
0.004509315
0.004605567
0.004674375
0.004973988
0.005150611
0.005358028
0.005543585
0.005762713
0.005889037
0.005945814
0.006006442
0.00594265
0.005942503
0.005953517
0.005941118
0.005833802
0.00583048
0.005841316
0.005831164
0.005820048
0.005805641
0.005802321
0.005790695
0.005822895
0.005857323
0.005873932
0.00586165
0.005859701
0.00583847
0.005543496
0.005360601
0.00528294
0.005137872
0.004737124
0.004617562
0.004436902
0.00429261
0.00420212
0.004117323
0.003931011
0.003907052
0.003888506
0.003821064
0.003705112
0.003678545
0.003671284
0.003649781
0.003634078
0.003615956
0.003610575
0.003602416
0.003603343
0.003611293
0.003599197
0.003593494
0.003598121
0.003623702
0.003623675
0.003604193
0.003506205
0.003512316
0.003507528
0.003506932
0.003492459
0.003499437
0.003511392
0.003536102
0.003582868
0.003589555
0.003546103
0.00352065
0.003515865
0.003531779
0.003553083
0.003574162
0.003598887
0.003679577
0.003778538
0.003919982
0.004419107
0.004652826
0.004900816
0.005031432
0.005217202
0.005187562
0.005278302
0.005406162
0.005526275
0.005541001
0.005590502
0.005616312
0.005668299
0.005767277
0.005948704
0.006047111
0.006110756
0.006161863
0.006209011
0.006317553
0.006438049
0.006562927
0.006600187
0.006594241
0.006577382
0.006591021
0.006523484
0.006415014
0.006344507
0.006306279
0.006276398
0.006187097
0.006029563
0.005982643
0.005892032
0.005892032
0.005892032
0.005865735
0.005838132
0.005841575
0.005895751
0.005938764
0.0059653
0.005985922
0.005962416
0.005984329
0.005998603
0.005995819
0.005913383
0.005790926
0.00563018
0.005315993
0.005238176
0.0051292
0.005064148
0.005049595
0.005008683
0.004921484
0.004851331
0.004786655
0.004710747
0.004634623
0.004599499
0.004614397
0.004721433
0.004781768
0.004838672
0.004866411
0.004870225
0.004892042
0.004908095
0.004935806
0.004968875
0.005038857
0.005103636
0.005183853
0.005158247
0.005125473
0.005037619
0.004932538
0.004870091
0.004848554
0.004861189
0.004841702
0.004850049
0.004870757
0.004864951
0.004795318
0.004751255
0.004810245
0.00480693
0.004827308
0.004854767
0.004941717
0.004967073
0.005048873
0.005097442
0.005087153
0.005137218
0.005133042
0.005092876
0.005053509
0.005030274
0.004988631
0.004899015
0.004834839
0.004807349
0.004803439
0.004768853
0.004735642
0.004675096
0.004665944
0.004670305
0.004689002
0.004734424
0.004764565
0.004843113
0.00489203
0.00490024
0.004998335
0.005060223
0.005074153
0.005222645
0.005468238
0.005737389
0.006083621
0.006195636
0.006458328
0.006606751
0.006766499
0.006914337
0.007030008
0.007043867
0.007149838
0.007275078
0.007324338
0.007354919
0.007377845
0.00738946
0.00740554
0.007416805
0.007422389
0.007434208
0.007437862
0.007365908
0.007239318
0.007266258
0.007213392
0.007193434
0.007189177
0.007249395
0.007259961
0.007273432
0.007280877
0.007320342
0.007319439
0.007341217
0.007340899
0.007349948
0.007377027
0.007420612
0.00748166
0.00755442
0.007579979
0.007598511
0.007600284
0.007566744
0.00752438
0.007520502
0.007539214
0.007580917
0.007638789
0.007665447
0.007672897
0.007641057
0.007610659
0.007524056
0.00742258
0.007284339
0.007208949
0.006948897
0.006752015
0.006537972
0.006349894
0.005810242
0.005808079
0.005594168
0.005413259
0.005364602
0.005218213
0.005175362
0.005142355
0.005163704
0.005176771
0.005230562
0.005277156
0.005324014
0.005416125
0.005486988
0.005635064
0.005785267
0.006169779
0.006326162
0.006371822
0.006706579
0.006766188
0.00683255
0.006967976
0.007050744
0.007207204
0.007135699
0.007149369
0.007091272
0.006863253
0.006565725
0.006552993
0.006659935
0.00659995
0.006607271
0.006610893
0.006673953
0.006739737
0.006908375
0.007012097
0.006942423
0.007004009
0.00699683
0.007052899
0.007051562
0.00702497
0.006747564
0.006563371
0.006305147
0.006156784
0.0058129
0.005667329
0.005578107
0.005380723
0.005368226
0.005281198
0.004989629
0.004844591
0.004716766
0.004655465
0.004408665
0.004305599
0.004208171
0.00417778
0.004085704
0.003978443
0.003877721
0.003757799
0.003727444
0.003609406
0.003304165
0.003217807
0.003192605
0.003178737
0.003171717
0.003145362
0.003000931
0.002954494
0.002992189
0.003007367
0.00294094
0.002906185
0.002883325
0.002870599
0.002859753
0.002860012
0.002914777
0.002951872
0.002961158
0.003014918
0.003138027
0.003192209
0.00320952
0.00324731
0.003301185
0.003384602
0.003438736
0.003505403
0.003571184
0.003591955
0.003695516
0.003755694
0.003873769
0.003915307
0.003919835
0.003907381
0.003893407
0.003887679
0.00389252
0.003883765
0.003912038
0.003900996
0.00389618
0.003909446
0.003886656
0.003866006
0.003875104
0.003912099
0.003940059
0.004013686
0.004051138
0.004089023
0.004143826
0.004176331
0.004209856
0.004256093
0.004349898
0.004386003
0.004384643
0.004398198
0.004366237
0.004349627
0.004312873
0.004287363
0.004236388
0.004191918
0.004118698
0.00405766
0.003941205
0.003827581
0.003760802
0.003689476
0.003671246
0.003615603
0.003601997
0.003591679
0.00357443
0.003569287
0.003636254
0.003701166
0.003751426
0.003881473
0.003895574
0.003929428
0.003971608
0.004036567
0.004110239
0.004226213
0.004307347
0.004384757
0.004631094
0.004700853
0.004886191
0.005180033
0.005265113
0.005380522
0.005811311
0.005917969
0.006004508
0.00597641
0.005941198
0.005939507
0.005940807
0.005927209
0.005892813
0.005785655
0.005555149
0.005446985
0.00537553
0.005229769
0.005018025
0.004955117
0.004875817
0.004875817
0.004658327
0.004497076
0.004377095
0.004159049
0.004058322
0.003917269
0.003792485
0.003701841
0.003673879
0.003610675
0.003618951
0.003597825
0.003597071
0.003526188
0.003518783
0.003517105
0.003535079
0.003567495
0.003610576
0.003639721
0.003713142
0.003829874
0.004073838
0.004182656
0.004256722
0.004316014
0.004342888
0.004350994
0.004386455
0.004440068
0.004449806
0.004452218
0.004483518
0.004457859
0.004440696
0.004389164
0.004260344
0.004163665
0.004067797
0.003958759
0.003904608
0.00376152
0.003527465
0.003593644
0.003562771
0.003528401
0.003467691
0.003475507
0.00356349
0.003747898
0.003863748
0.003982727
0.004189706
0.004253664
0.00445471
0.004641568
0.004712542
0.004740793
0.004854232
0.004958707
0.005013088
0.005009371
0.005052006
0.005071727
0.005125214
0.005162205
0.0051827
0.005198968
0.005234838
0.005245388
0.0052637
0.005269656
0.00531816
0.005327097
0.005391723
0.005469303
0.005683021
0.005700958
0.005765244
0.005815518
0.005858788
0.00583712
0.00569346
0.005662213
0.005639329
0.005509628
0.005538812
0.005507305
0.005512403
0.005456115
0.005477077
0.005579048
0.005822496
0.005930297
0.005874208
0.005894905
0.005958294
0.00595886
0.005954221
0.005916645
0.005814229
0.005817779
0.005787282
0.005706587
0.005623102
0.00548661
0.005367747
0.005175176
0.005136036
0.00511406
0.005111077
0.005113595
0.005163636
0.005178657
0.005176468
0.005184814
0.00517704
0.005176406
0.005168821
0.005176795
0.00512242
0.005030595
0.004871569
0.004790642
0.004726845
0.004695197
0.004559083
0.004498789
0.004530527
0.004460833
0.004422299
0.004393966
0.004382383
0.004376585
0.004364356
0.004367764
0.004272162
0.004200147
0.004183072
0.004187246
0.004202621
0.004215897
0.004298524
0.004364931
0.004403191
0.004482804
0.004755207
0.004932482
0.005149768
0.005352209
0.005451952
0.005453275
0.005464964
0.005524113
0.005620425
0.005610483
0.005635323
0.005645991
0.005639203
0.005649882
0.005677312
0.005678977
0.005716752
0.005775349
0.005824753
0.005936934
0.006117702
0.006133327
0.006145239
0.006123765
0.006103819
0.006131236
0.006157108
0.006159465
0.006175697
0.006138546
0.005974219
0.005862078
0.005817903
0.005746109
0.005670924
0.005591545
0.005602671
0.005607917
0.005577371
0.005566841
0.005560056
0.005582033
0.005604987
0.005632599
0.005653682
0.00567068
0.005731818
0.005861704
0.00602138
0.006346814
0.007145981
0.007887192
0.008778914
0.009785887
0.01037452
0.01086792
0.01155915
0.01181013
0.0117106
0.01161945
0.0113522
0.01118269
0.01116268
0.01110189
0.01097759
0.01097371
0.01074799
0.01084141
0.0108015
0.01074894
0.01068543
0.01053834
0.01046111
0.01040323
0.01041227
0.01040536
0.01040201
0.0103152
0.010034
0.009582417
0.009346587
0.009061799
0.008629994
0.008077523
0.007792628
0.00768556
0.007759274
0.007917901
0.00802087
0.008164089
0.008395834
0.008549144
0.008697126
0.008583256
0.008459639
0.008421072
0.008538012
0.008647589
0.00880243
0.008897481
0.008839559
0.00879735
0.008649096
0.008565371
0.008432137
0.008309211
0.008177553
0.008062949
0.008087949
0.008142907
0.008329342
0.008538721
0.008752064
0.008982605
0.009272264
0.009469963
0.009805304
0.01057833
0.01085344
0.01097643
0.01075607
0.01079587
0.0106197
0.01062968
0.01061427
0.0105877
0.0104005
0.01015236
0.009764484
0.009336044
0.008511958
0.008132126
0.007841454
0.007896682
0.008247391
0.008239696
0.008283157
0.00857026
0.008737338
0.008669225
0.00857609
0.008532619
0.008544439
0.008571133
0.008556367
0.008423773
0.008338359
0.008076261
0.007957386
0.00783895
0.007568473
0.007517385
0.007497806
0.007387264
0.00738446
0.007353723
0.007320244
0.007318043
0.007258249
0.007296279
0.007298206
0.007348469
0.007304731
0.007395279
0.007425263
0.007414285
0.007407515
0.007460667
0.00750702
0.007522226
0.007541178
0.007549029
0.007561249
0.007545451
0.007552114
0.007591011
0.007639675
0.00769806
0.007668201
0.007702608
0.007789039
0.00785013
0.00788737
0.007872495
0.007854449
0.007767701
0.007652052
0.007552723
0.007475251
0.007463574
0.007188754
0.00717472
0.007162611
0.007051246
0.007045775
0.007010505
0.007024049
0.007116771
0.007159263
0.007140478
0.007132058
0.00712316
0.007087742
0.007089896
0.006990373
0.006936367
0.006904777
0.00686378
0.006867873
0.006849003
0.006783286
0.006755808
0.006730567
0.00670695
0.006708308
0.006711724
0.006685982
0.006675046
0.006654439
0.006661138
0.006703695
0.006782224
0.006850268
0.006988245
0.007089585
0.007227846
0.00746897
0.007607827
0.00760723
0.007854957
0.0079041
0.007941887
0.007985801
0.008000636
0.008075177
0.008100627
0.00811638
0.008103672
0.008092814
0.008064386
0.008044849
0.008050155
0.008042471
0.008004586
0.007999529
0.007971674
0.007969673
0.0079954
0.008012677
0.008095106
0.008433123
0.008573236
0.008653564
0.00871898
0.008750928
0.008742807
0.00879318
0.008788106
0.008684844
0.008428131
0.008008438
0.007763748
0.007689622
0.007441947
0.007216088
0.007030995
0.006873216
0.006790471
0.006708315
0.006592862
0.006415172
0.006337642
0.00628564
0.006200835
0.006134348
0.006077888
0.00600042
0.005960048
0.00586714
0.005833133
0.005755669
0.005743072
0.00563568
0.005610443
0.005603695
0.005649149
0.005968255
0.005986128
0.006188125
0.006247352
0.006172738
0.006176436
0.006212353
0.006281222
0.006358132
0.006442657
0.006550509
0.006608375
0.006648674
0.006763869
0.007116771
0.007393511
0.007670808
0.008036866
0.008203907
0.00843263
0.008587
0.008804672
0.008953906
0.009087838
0.00924177
0.009251148
0.009281537
0.009303148
0.009331088
0.009371372
0.00935929
0.009360946
0.009369652
0.009396134
0.0094442
0.009496077
0.009474425
0.009563608
0.009557752
0.009625058
0.009826567
0.009900124
0.009948584
0.009977435
0.009933033
0.009497711
0.009214966
0.008921342
0.008626795
0.008347924
0.007948685
0.007840857
0.007560585
0.007424917
0.006665586
0.00628166
0.005931946
0.005596681
0.005306204
0.005103498
0.005006595
0.004744257
0.004630484
0.004544201
0.004558958
0.004503221
0.004403847
0.004282674
0.004183495
0.004096813
0.003970386
0.003917679
0.003860551
0.003815499
0.003744783
0.003678728
0.003536457
0.003482232
0.003430868
0.003459915
0.003503476
0.00352929
0.003612293
0.003754568
0.003892658
0.003968661
0.004327795
0.004514003
0.004789822
0.005114464
0.005741561
0.006081001
0.006381853
0.006620976
0.006722485
0.007028596
0.007085877
0.007307573
0.007398294
0.007560223
0.007816828
0.007800821
0.007802313
0.007864097
0.007889718
0.007968293
0.008072404
0.008165822
0.008198995
0.008240269
0.008272291
0.008331005
0.008322296
0.008333256
0.008336044
0.008322677
0.008266285
0.008238132
0.008165021
0.008104065
0.007925255
0.007815165
0.007579139
0.007437516
0.007238236
0.006952335
0.006763054
0.006562767
0.006451656
0.006385721
0.006243298
0.006075928
0.006012755
0.006021474
0.005992525
0.006095795
0.006180706
0.00615128
0.006149061
0.00619738
0.006265327
0.006483246
0.006497126
0.006501228
0.006569952
0.00657165
0.006621366
0.006560876
0.006396066
0.006282955
0.006135319
0.005971811
0.005911456
0.005795598
0.005579071
0.005527934
0.005642204
0.005748217
0.005835506
0.005881499
0.005846848
0.005894426
0.005901461
0.005705159
0.005471636
0.005214567
0.004994395
0.004737705
0.004501843
0.004178552
0.004060147
0.003787555
0.003734448
0.003566126
0.003537291
0.003494924
0.0034835
0.003481897
0.003497546
0.003498253
0.003577852
0.003559072
0.003550443
0.003515308
0.003486553
0.00307466
0.002572258
0.002306329
0.002347952
0.002372321
0.002371093
0.002470772
0.002661867
0.002890151
0.003117553
0.003716814
0.003994083
0.004358363
0.004689235
0.004948976
0.005399181
0.005948829
0.006205473
0.006214594
0.00629958
0.006428553
0.006564895
0.006616105
0.006665898
0.006631871
0.006603346
0.006605477
0.0065586
0.006531987
0.00637835
0.006337084
0.006263074
0.006284588
0.006294279
0.006295023
0.00628349
0.006241894
0.006205164
0.006164916
0.006093295
0.006061046
0.006033198
0.005980582
0.005925808
0.005883545
0.005777138
0.005759161
0.005730992
0.005692147
0.005617602
0.005600223
0.005585731
0.005566266
0.005575254
0.005606763
0.005681977
0.005711779
0.005757278
0.005808994
0.005947841
0.006039566
0.00609613
0.006139552
0.006185427
0.006226344
0.006288422
0.00636032
0.006394722
0.006480255
0.006543832
0.006666325
0.006746213
0.006815548
0.006829752
0.006836316
0.00685757
0.006845091
0.006834262
0.006791706
0.00663799
0.006537281
0.006382261
0.006244623
0.006044732
0.005961879
0.005738832
0.005673966
0.005545237
0.005380591
0.005235934
0.005152688
0.005123377
0.005071118
0.005027309
0.004981845
0.004930105
0.004904471
0.00487242
0.004802728
0.004789146
0.004780361
0.004807028
0.004848933
0.00490381
0.005016993
0.005264262
0.005366247
0.005463927
0.005507085
0.005549298
0.005549474
0.005598004
0.005653116
0.005695426
0.005735687
0.005737671
0.005715
0.005689281
0.005693551
0.005682644
0.005667514
0.005666713
0.005681334
0.005718417
0.005751515
0.005800843
0.005805031
0.00581553
0.005812953
0.00587542
0.005905124
0.005925251
0.005941485
0.005993416
0.006042385
0.006204648
0.006372318
0.006617621
0.006921358
0.007207224
0.007771342
0.008006806
0.008192933
0.008377748
0.008740342
0.008836734
0.008914146
0.008876852
0.008857172
0.008872058
0.008847467
0.008884346
0.008952285
0.00899147
0.009004298
0.009030871
0.009040571
0.009029781
0.00903072
0.009000688
0.008986845
0.00899153
0.008985753
0.00893062
0.00878932
0.008648459
0.008491293
0.008408414
0.008308192
0.008229173
0.008101743
0.008087311
0.008020722
0.007956714
0.007923767
0.007925088
0.007912986
0.007931251
0.007938526
0.00800666
0.008054356
0.008073839
0.008111137
0.008168079
0.008208624
0.008197383
0.008238494
0.008238366
0.008241689
0.008247787
0.008314236
0.00832106
0.008312453
0.008277428
0.008216031
0.008205083
0.008218766
0.008236961
0.008280254
0.008305059
0.008299441
0.008298148
0.008275731
0.008225503
0.008160839
0.008092366
0.008117208
0.008133885
0.00812766
0.008103278
0.007993235
0.00793087
0.007871628
0.007838867
0.00782174
0.007824941
0.007840189
0.007911479
0.0080336
0.008369504
0.008512729
0.008736912
0.008865238
0.008849234
0.008890004
0.009145391
0.009218432
0.009210114
0.009263207
0.009357291
0.009396711
0.009460093
0.009500009
0.009507146
0.009482608
0.009486009
0.00952757
0.009554636
0.009538538
0.009460521
0.00942217
0.009394703
0.009273803
0.009105247
0.008889454
0.008486138
0.008335211
0.008107808
0.007973235
0.00759505
0.007451876
0.007352711
0.007287654
0.007162784
0.0071509
0.007144826
0.007103485
0.007066304
0.007043733
0.007031892
0.007032849
0.007042547
0.007038108
0.007055629
0.007069242
0.007046427
0.007038063
0.007021642
0.007016034
0.007018455
0.007040731
0.007076338
0.007103554
0.007143989
0.007155388
0.007167176
0.007175269
0.007177241
0.007183318
0.007173466
0.007157029
0.007165969
0.007183298
0.007149231
0.007129038
0.00709359
0.007090893
0.007075144
0.007058146
0.006989737
0.006957049
0.006932406
0.006945785
0.006945046
0.0069263
0.006916179
0.006901705
0.00689132
0.006903166
0.006887599
0.006866835
0.006866065
0.006868637
0.006863118
0.006861216
0.006858326
0.006863609
0.006863937
0.00685944
0.006858912
0.006843243
0.006802278
0.006796199
0.0068154
0.006857875
0.006920776
0.006982966
0.007031987
0.007102893
0.007225477
0.007320899
0.007364107
0.007408465
0.007417418
0.007421019
0.007399481
0.007312807
0.007254875
0.007219314
0.007112768
0.007027898
0.006961197
0.006886357
0.006850044
0.00680091
0.006760314
0.006736593
0.006713802
0.00671247
0.006736267
0.006767057
0.006767265
0.006799508
0.006864623
0.006899732
0.006925829
0.006940663
0.006986246
0.006974987
0.006990269
0.006996839
0.006990128
0.006985555
0.006984975
0.00699345
0.006999439
0.006988371
0.006985775
0.006983937
0.006989005
0.006998308
0.007008663
0.007006813
0.006990366
0.006967819
0.006944049
0.006916003
0.006917058
0.006912754
0.006889724
0.006839453
0.006781404
0.006706577
0.006663353
0.006611194
0.006544677
0.006526259
0.006465025
0.006447965
0.006409596
0.006371145
0.00637713
0.006340503
0.006339595
0.006328134
0.00633216
0.006303719
0.006298053
0.006301813
0.006316539
0.006372398
0.006400533
0.006439085
0.006547549
0.006611135
0.006914193
0.007020833
0.007122717
0.007167781
0.007251849
0.007340928
0.007288259
0.007341646
0.007374021
0.007405877
0.007381328
0.007358063
0.007340827
0.0073368
0.007262327
0.007244152
0.007205831
0.0071747
0.00715256
0.007148564
0.007131971
0.007132714
0.007119875
0.007125792
0.007134282
0.007128783
0.007117449
0.007104165
0.007082155
0.007064718
0.007042609
0.006995965
0.006904007
0.006819577
0.006561625
0.006476706
0.00638866
0.006248546
0.006172127
0.006077992
0.005731881
0.005657983
0.005550036
0.005421187
0.005418465
0.005249327
0.005216361
0.005123032
0.005070531
0.005015333
0.00500014
0.004971395
0.004944246
0.004926889
0.004883004
0.004861617
0.004920943
0.005045261
0.005122753
0.005232759
0.005280064
0.005319179
0.005416086
0.005601901
0.005637553
0.005676426
0.005676029
0.005650963
0.005595684
0.005622465
0.005591704
0.005551016
0.005551813
0.005577318
0.005591321
0.005626143
0.005589176
0.005558954
0.005532863
0.005510218
0.005455575
0.005321643
0.005188539
0.005027977
0.005020328
0.005008879
0.004938188
0.004915163
0.004889558
0.004857506
0.004826212
0.004812885
0.004776239
0.004767205
0.004723185
0.004694362
0.004661188
0.004672281
0.00466748
0.004744885
0.005143382
0.005338433
0.005471455
0.00558312
0.005679126
0.006022725
0.006014821
0.006257386
0.006443345
0.006487458
0.006764244
0.00677899
0.006765301
0.006785671
0.006824152
0.006849868
0.006853948
0.006812639
0.006763154
0.006723492
0.006673084
0.006576094
0.006456725
0.006371128
0.006378977
0.006293239
0.006282274
0.00623718
0.006194655
0.006184436
0.006203352
0.006232399
0.006246438
0.006270195
0.006290352
0.006329353
0.006354153
0.006378546
0.006414762
0.006791247
0.007178604
0.00771812
0.008088454
0.00879804
0.009862932
0.01024978
0.01068819
0.01133693
0.01208672
0.01282713
0.01314459
0.01291143
0.0128173
0.01289272
0.01283652
0.01267934
0.01269146
0.01269971
0.01265415
0.01256531
0.01244329
0.01235297
0.01212685
0.01203647
0.01194448
0.01180879
0.01163427
0.01140935
0.01113546
0.0109353
0.01068045
0.01062466
0.01077142
0.01095883
0.01210134
0.01258644
0.01299929
0.01326374
0.01327463
0.01327216
0.01325809
0.01322149
0.0131875
0.01314258
0.01314357
0.01342065
0.01346512
0.01344561
0.01343979
0.01339399
0.01327153
0.0132403
0.01319039
0.0130934
0.01287556
0.01279149
0.01275742
0.01273745
0.01274874
0.01266047
0.01250316
0.01243653
0.01243678
0.01243673
0.01245458
0.01253306
0.01263968
0.01266374
0.01262957
0.01256359
0.01226163
0.0120334
0.0118642
0.01160649
0.01082347
0.01041392
0.01000862
0.0095782
0.009170473
0.009161199
0.008955008
0.008985927
0.008966465
0.009204987
0.009529218
0.009883121
0.0102663
0.01075513
0.01104741
0.01131159
0.01103236
0.01082298
0.01072382
0.01052534
0.01021167
0.00991262
0.009817735
0.009705097
0.009569108
0.009408931
0.009385578
0.009380838
0.009435512
0.009479264
0.009524656
0.009570387
0.009603098
0.009662585
0.009741283
0.009781457
0.009848881
0.009886793
0.009918555
0.009913555
0.009978472
0.009980212
0.009959803
0.00992071
0.009871313
0.009887988
0.009945807
0.009944893
0.009964328
0.009962811
0.009889724
0.009903028
0.009922206
0.009954128
0.009928784
0.009939446
0.01002159
0.01007261
0.01010597
0.0101645
0.01021317
0.01040796
0.01057299
0.01076671
0.0109601
0.01106377
0.01125269
0.01157235
0.01171091
0.01177256
0.01179143
0.01173089
0.01177748
0.01186024
0.01182175
0.01173702
0.01173131
0.01160712
0.01150059
0.01143967
0.01112914
0.01108812
0.01096815
0.01088505
0.01063669
0.01039529
0.0100251
0.009577978
0.009219998
0.008932509
0.008699296
0.008059807
0.007949824
0.00788932
0.007763722
0.00764647
0.007502409
0.007478283
0.007490939
0.00743114
0.00738053
0.007256628
0.007214012
0.007188234
0.007186855
0.007194892
0.00723275
0.007228154
0.007232817
0.007251556
0.007283259
0.007327291
0.007300303
0.007336993
0.007353
0.007405285
0.007501395
0.007613072
0.007800438
0.008052561
0.008198331
0.008163431
0.008232379
0.008272993
0.008278247
0.008300406
0.00834237
0.008336392
0.008309689
0.008270073
0.008282078
0.008313256
0.008326129
0.008455508
0.008630937
0.008751687
0.008872607
0.008827681
0.008819343
0.008919105
0.009033354
0.009513391
0.009765055
0.01012249
0.01063783
0.01123185
0.01129425
0.01144593
0.01152387
0.01168251
0.01171703
0.01179523
0.01187771
0.01190494
0.01194918
0.01195276
0.01195525
0.01195804
0.01193138
0.01189556
0.01163768
0.01136132
0.01096773
0.01052676
0.01015996
0.009803664
0.00934571
0.00917779
0.009070302
0.009010642
0.008997956
0.009113965
0.009170185
0.009116717
0.009113574
0.009167574
0.00922554
0.009244326
0.009320213
0.009476359
0.009697198
0.009785685
0.00984285
0.009964018
0.01005872
0.01016188
0.01029068
0.01034473
0.01037158
0.01044005
0.01050197
0.01052119
0.01053672
0.01057522
0.0105604
0.01055434
0.01055875
0.01058163
0.0105831
0.01058319
0.01060996
0.01066328
0.01065578
0.010651
0.01063472
0.01063434
0.01063643
0.01067556
0.01071756
0.01073499
0.0107143
0.01071559
0.01072552
0.0107244
0.01074506
0.01083327
0.01094913
0.01137944
0.01149612
0.01165216
0.01182717
0.01183593
0.01198526
0.01198833
0.01205678
0.01208262
0.01210246
0.01201875
0.01192978
0.01191446
0.01194598
0.01211059
0.01231118
0.01251208
0.01259306
0.01257963
0.01294689
0.01325489
0.0134541
0.01378334
0.01399318
0.01415643
0.01423274
0.01418197
0.01424354
0.01436941
0.0143133
0.01430183
0.0142725
0.01422455
0.01375915
0.01337983
0.0131011
0.01277595
0.01251707
0.01217894
0.01184823
0.01170314
0.01156606
0.01145353
0.01129139
0.01121452
0.01124089
0.01111432
0.0110389
0.01092164
0.01073628
0.01064688
0.01064507
0.01066411
0.01065262
0.01069646
0.01075373
0.01080264
0.01087059
0.0108549
0.01083248
0.01079139
0.01068728
0.01058714
0.01020049
0.009981474
0.009856232
0.009558091
0.00932764
0.009087852
0.008912201
0.008863781
0.008821527
0.00875647
0.008726796
0.00864962
0.008619937
0.008571772
0.008531873
0.008480561
0.008460353
0.00847648
0.008505779
0.008504705
0.00865305
0.008749326
0.008934125
0.009091941
0.00925249
0.009556502
0.009880114
0.01002008
0.01015502
0.01030075
0.01033362
0.01037362
0.01041789
0.0104889
0.01055483
0.01064349
0.0109331
0.0110538
0.01114847
0.01126738
0.01151425
0.01161498
0.01164381
0.01171358
0.01177754
0.0118323
0.0119678
0.01204903
0.01208335
0.01214878
0.01228268
0.0123839
0.01247716
0.01245789
0.01245779
0.01244698
0.0122845
0.01210085
0.0118888
0.01176622
0.01128146
0.01108452
0.01084865
0.0106594
0.01051961
0.01042507
0.0106553
0.01063851
0.01065688
0.01068984
0.01076187
0.01081043
0.01085717
0.01091144
0.01100409
0.01107676
0.01111603
0.01107888
0.01112456
0.01116295
0.01121256
0.01121847
0.01121448
0.01120799
0.01117795
0.01115278
0.01109091
0.01106346
0.01102543
0.01102668
0.01103712
0.01105145
0.01105969
0.01105119
0.01106253
0.01106962
0.01108313
0.01115923
0.01121405
0.01123959
0.01123387
0.01123655
0.01123055
0.01119981
0.01116476
0.01110327
0.01102284
0.01096956
0.0109096
0.01091666
0.01085717
0.01082836
0.01082523
0.01082802
0.01085183
0.0109048
0.0109262
0.01096647
0.01096935
0.01097872
0.01103143
0.01108168
0.01111378
0.01116829
0.01119743
0.01120664
0.01121161
0.01124947
0.01127918
0.01131805
0.01139346
0.011434
0.01148167
0.01154734
0.01157248
0.01162768
0.01166183
0.01165994
0.01162394
0.0115638
0.0113974
0.01128248
0.01118182
0.01099467
0.01097864
0.01098911
0.01094884
0.01091127
0.01088488
0.01089409
0.0109111
0.01093731
0.01107466
0.01118722
0.01129192
0.01143819
0.01153072
0.01168248
0.01168917
0.01170811
0.01175345
0.01174804
0.01171415
0.01171827
0.01170733
0.01165112
0.01149609
0.01143904
0.01133666
0.0113302
0.01127269
0.01126324
0.01126597
0.01126643
0.01136595
0.01143468
0.01150889
0.01158381
0.0116218
0.01168117
0.01181733
0.01190122
0.0119743
0.01201062
0.01202984
0.01207218
0.01212648
0.01217006
0.01218475
0.01221663
0.01223158
0.01225792
0.01228418
0.01229138
0.0122644
0.01225233
0.01222181
0.01220393
0.01217668
0.0121491
0.01205609
0.01200245
0.01192144
0.01181919
0.01176136
0.01151271
0.01151271
0.01147229
0.01142703
0.0114192
0.0113714
0.01134174
0.01130123
0.0112421
0.01121478
0.01120579
0.01120185
0.01119277
0.01116093
0.01104489
0.01098929
0.01095583
0.01090155
0.01083292
0.01079423
0.01075622
0.01066475
0.01066954
0.01064661
0.01061955
0.0106124
0.01060326
0.01062623
0.01064546
0.01067721
0.01071469
0.01071834
0.01072548
0.0107252
0.01071954
0.01064975
0.0105841
0.01054352
0.01045621
0.01039318
0.01034417
0.01019099
0.01009122
0.01003929
0.009964835
0.009786659
0.009721951
0.009715902
0.009647346
0.009610586
0.009597585
0.009559511
0.009514445
0.009535309
0.009570402
0.009600845
0.009622264
0.009635455
0.009702371
0.009794397
0.009888796
0.01013978
0.0104102
0.01064101
0.01078585
0.01079831
0.01100092
0.0113877
0.0117033
0.01187642
0.0120055
0.0122494
0.01229291
0.01229994
0.01236027
0.01238952
0.01236942
0.01236566
0.01239129
0.01231938
0.01215497
0.01185533
0.01177517
0.01172505
0.01135524
0.01135524
0.01116084
0.01112819
0.0111131
0.01104756
0.01101354
0.01095568
0.01091186
0.01080394
0.01070149
0.01051059
0.01049377
0.01041285
0.01030521
0.01027824
0.01022907
0.01021708
0.01023857
0.01022957
0.01023776
0.01026255
0.01029002
0.01027208
0.01033098
0.01035758
0.01035654
0.01041961
0.01049864
0.01056812
0.01057671
0.01067948
0.01073833
0.01072839
0.01071682
0.01069987
0.01071122
0.01070451
0.01070776
0.01066944
0.01064681
0.01045451
0.01036299
0.01027576
0.01016235
0.01010215
0.01007227
0.01006397
0.01001261
0.009956359
0.009846855
0.00968373
0.009604684
0.00953144
0.009546147
0.009666847
0.01007548
0.01114147
0.01171594
0.01206314
0.01241357
0.01294109
0.013545
0.01382556
0.01389045
0.0140898
0.01408951
0.01403085
0.01394647
0.01392699
0.0138528
0.01386712
0.01393748
0.01395715
0.01396813
0.01396714
0.01396756
0.01393629
0.01392538
0.01391559
0.01385759
0.01354787
0.01322103
0.0127894
0.01235345
0.01200194
0.01170713
0.01118364
0.01121856
0.01142339
0.01160843
0.01215018
0.01241569
0.01267182
0.01306341
0.01339118
0.01329939
0.01294813
0.01285848
0.01275484
0.01245204
0.0123554
0.01207028
0.01207652
0.01198184
0.01169978
0.0115479
0.01143685
0.01155949
0.01159097
0.01159691
0.01163282
0.01188871
0.01197093
0.01208074
0.01210867
0.01215912
0.01219041
0.01216868
0.01216017
0.01207481
0.01204555
0.01207066
0.01210963
0.01215205
0.01222192
0.0122026
0.01210114
0.01207874
0.01203397
0.01184745
0.01167947
0.01164979
0.01147407
0.01125467
0.01106875
0.01081396
0.01051622
0.01054647
0.01048873
0.0104035
0.0105126
0.01055863
0.01064065
0.01064065
0.01091268
0.01122263
0.01152038
0.01181126
0.01178842
0.01168179
0.01154434
0.01150103
0.01130482
0.01119276
0.0112235
0.01110151
0.01103572
0.01067189
0.01063473
0.01053614
0.01042101
0.0103952
0.01034334
0.01027794
0.01025379
0.01016381
0.01016292
0.01018513
0.01023021
0.01028976
0.01035022
0.01048717
0.01052822
0.01063106
0.01062223
0.01064046
0.01064892
0.01084405
0.0109337
0.01094079
0.01096018
0.0109296
0.0108796
0.01083129
0.01082605
0.01084921
0.01090258
0.0109273
0.01098085
0.01105249
0.01106588
0.01105247
0.01113376
0.01124076
0.0113671
0.01144592
0.01156566
0.01168072
0.0118311
0.01188416
0.01195199
0.01193235
0.01191569
0.0119725
0.01200285
0.01202505
0.01205648
0.01207527
0.01211032
0.01209955
0.01215216
0.01218109
0.01223615
0.0123038
0.01235049
0.0124422
0.01242776
0.01244705
0.01247801
0.01253156
0.01253274
0.01250456
0.01250975
0.01251453
0.01245102
0.01242239
0.01238377
0.01233208
0.01230391
0.01230634
0.01230683
0.01227118
0.0122452
0.01224683
0.01228599
0.01225734
0.01217159
0.01211067
0.01196357
0.01190676
0.01166191
0.01149865
0.01147463
0.01137311
0.01130846
0.01122158
0.0112568
0.01126218
0.0112728
0.01129216
0.01159383
0.01186227
0.01206917
0.01223371
0.0123545
0.01255492
0.0126112
0.01253708
0.01255812
0.0126134
0.01266061
0.01277686
0.01275804
0.01281982
0.01281467
0.01280242
0.01281102
0.01283897
0.01283848
0.01283978
0.01286848
0.01288136
0.01284746
0.01281914
0.01281245
0.01276142
0.01273481
0.01274146
0.012752
0.01276349
0.01276742
0.01277734
0.01275274
0.01271814
0.01269761
0.01268137
0.0126751
0.01264135
0.01257563
0.012389
0.01207079
0.01182533
0.01150073
0.01141128
0.01139579
0.01133857
0.01133616
0.01131165
0.01124345
0.0111939
0.01117171
0.0111704
0.01122197
0.01130776
0.01134437
0.01136605
0.01151576
0.01155379
0.01159015
0.01159399
0.01160486
0.01159371
0.01153476
0.01147506
0.01134334
0.01120674
0.01075603
0.01069133
0.01061547
0.01039622
0.01018569
0.009992428
0.009906125
0.009801308
0.009788507
0.009752016
0.009640465
0.009625239
0.009613471
0.009582181
0.009442271
0.009407979
0.009361944
0.009347828
0.009280758
0.009227857
0.009071877
0.009007632
0.008976797
0.008901869
0.008733484
0.008673196
0.008615093
0.008581357
0.008563651
0.008540012
0.008538637
0.008480855
0.008466593
0.008471131
0.008561971
0.008640004
0.008682813
0.008817551
0.009011028
0.009204032
0.009366304
0.009483884
0.009538254
0.009671092
0.009884016
0.009925244
0.009959937
0.009967264
0.01002422
0.01011665
0.01013696
0.01017763
0.01020559
0.01032718
0.01048221
0.01055926
0.01067657
0.01079663
0.01095156
0.01108972
0.0111978
0.01157265
0.01177027
0.01191171
0.01182159
0.01186574
0.01195693
0.01194646
0.01196358
0.01195654
0.01202736
0.01208711
0.01216583
0.01220338
0.01229624
0.01232715
0.01230432
0.01233007
0.01234371
0.01232758
0.01232361
0.01230715
0.0123154
0.01231862
0.01227969
0.01222546
0.01221111
0.01215754
0.01211028
0.01210502
0.01222565
0.01233131
0.01244977
0.01250478
0.01264262
0.01283071
0.01283399
0.01286916
0.01285815
0.01285856
0.01277004
0.01268359
0.01262371
0.01241406
0.01241406
0.01225529
0.01220901
0.01205577
0.01196661
0.01189647
0.01179813
0.01170048
0.01172921
0.01170689
0.01173136
0.01185099
0.0118671
0.01189252
0.01191632
0.01192733
0.01200741
0.01202949
0.01206852
0.01203924
0.01198774
0.01190696
0.01177926
0.01160177
0.01166268
0.01163814
0.01157976
0.01157521
0.01158247
0.01154251
0.01158523
0.01172022
0.01184879
0.01192375
0.01198804
0.01203753
0.01212437
0.0121712
0.012273
0.01241161
0.01268348
0.01285506
0.01298769
0.01306797
0.01326245
0.01321121
0.01328526
0.01327245
0.01329471
0.01329744
0.01322263
0.01311208
0.01298812
0.01295197
0.0128185
0.01271855
0.01263858
0.0125847
0.01249524
0.01242938
0.01232228
0.01212513
0.01213682
0.01207635
0.0120114
0.01196527
0.01187934
0.0117814
0.01171075
0.01166564
0.01165976
0.01158485
0.01152763
0.01145975
0.0113868
0.01130046
0.0109812
0.01092002
0.01079106
0.01058443
0.01026838
0.01013564
0.01004642
0.01000169
0.009990172
0.009992633
0.01000248
0.01005461
0.01012232
0.01018551
0.0102952
0.01036719
0.01039158
0.01046801
0.01055724
0.01060819
0.01063753
0.01069869
0.01076849
0.01084531
0.01088129
0.01087156
0.01086869
0.01087762
0.01089693
0.01090312
0.01092472
0.01096325
0.01103609
0.01116008
0.01127187
0.01135511
0.01140056
0.01145996
0.011559
0.01166396
0.01163247
0.0116217
0.01162868
0.01161335
0.01151818
0.01151061
0.01147021
0.01141936
0.01137247
0.01134247
0.01126936
0.01115407
0.01113845
0.01108419
0.01100014
0.01093196
0.01089233
0.01087021
0.01080682
0.01072126
0.01061666
0.01056582
0.01056589
0.01056638
0.01062371
0.01065996
0.01070807
0.01072775
0.0107198
0.01074244
0.01076713
0.01085423
0.01096836
0.01111378
0.01125846
0.01130734
0.01135861
0.01136148
0.01142128
0.01141042
0.0114602
0.01144788
0.01147877
0.01147386
0.01151971
0.01152438
0.01151471
0.01150676
0.01151095
0.01154242
0.01156297
0.01158763
0.01159161
0.01157482
0.0114712
0.01147472
0.01144013
0.01134414
0.01122736
0.01114125
0.01095897
0.010943
0.0109674
0.01095927
0.01095786
0.01092622
0.01091224
0.01089306
0.01084296
0.01079881
0.0106913
0.01053176
0.01049957
0.01052633
0.01051931
0.01042531
0.01035415
0.01023285
0.01006451
0.009898375
0.009716435
0.009618524
0.009628822
0.009592904
0.009544957
0.00952726
0.00950168
0.009460954
0.009480765
0.00952231
0.00958788
0.009638489
0.009766014
0.009823753
0.009892091
0.009962134
0.01000205
0.01008859
0.01013872
0.0101681
0.01017631
0.01019112
0.01015897
0.01009476
0.01000891
0.009976233
0.009932958
0.009912096
0.009894188
0.009847789
0.009832011
0.009765105
0.009689244
0.009682436
0.009671186
0.009737913
0.009808135
0.009915147
0.01012659
0.01030295
0.01068391
0.01079932
0.01099055
0.01111875
0.0114265
0.01148606
0.01159763
0.01164117
0.01174364
0.01186511
0.01185476
0.0118713
0.01190074
0.01193577
0.01198431
0.01201269
0.01204732
0.01204602
0.012061
0.01206966
0.01202953
0.0120118
0.011973
0.01196064
0.01193702
0.01192279
0.01187702
0.01182587
0.01181893
0.01179048
0.01174455
0.01170257
0.01164639
0.01156003
0.01142178
0.01132785
0.01127964
0.01120374
0.01116695
0.01111335
0.0110708
0.01107143
0.01104263
0.01101231
0.01094633
0.01096999
0.01098436
0.01098159
0.01098154
0.010959
0.01091227
0.01090615
0.01092028
0.010952
0.01107677
0.01142083
0.01152582
0.0116476
0.0116271
0.01163522
0.0116319
0.01164145
0.01169477
0.01167901
0.01176364
0.01182438
0.0118938
0.01192905
0.01192765
0.01190364
0.01191969
0.01197837
0.01201975
0.01200702
0.01198307
0.01182468
0.01174423
0.01160312
0.01150151
0.01139946
0.01123745
0.01118463
0.01113646
0.01106618
0.01097709
0.01096073
0.01092235
0.01085514
0.01081797
0.01079332
0.0107817
0.01075281
0.01072293
0.0106618
0.0104845
0.01041257
0.01035762
0.01025408
0.01017452
0.01016928
0.0101822
0.01014798
0.01016411
0.01014449
0.01006775
0.0100395
0.01003032
0.01002736
0.01003134
0.01002324
0.01011251
0.0101645
0.01024208
0.01033473
0.01036191
0.01035188
0.01038126
0.01038547
0.01037674
0.01033778
0.01022272
0.01011331
0.01005776
0.009922991
0.0097106
0.0096328
0.009534154
0.009486758
0.009488435
0.009460228
0.00946615
0.00945579
0.009491718
0.009571881
0.009667204
0.00977125
0.01003117
0.01031469
0.01049746
0.01088875
0.01128592
0.01154232
0.01150581
0.0117502
0.01195491
0.01203531
0.01223441
0.01243422
0.01249888
0.01254892
0.01275044
0.01290728
0.01306732
0.01316596
0.01329628
0.01332685
0.01336605
0.01344506
0.01343761
0.01342451
0.01341328
0.01342248
0.01342002
0.01341537
0.0133798
0.01334959
0.01328269
0.01319983
0.01309873
0.01296846
0.01295819
0.01289764
0.01287324
0.01276173
0.01249447
0.01230347
0.01210515
0.01181634
0.01151691
0.01105755
0.01068261
0.01060192
0.01063793
0.01043118
0.01015946
0.01016145
0.01007253
0.01004323
0.009838323
0.009785396
0.009572773
0.009523305
0.009397922
0.009360258
0.009376981
0.00942295
0.00964473
0.01007226
0.01033105
0.01087101
0.01130409
0.011941
0.0123026
0.0126531
0.01303204
0.01308108
0.01321194
0.01312725
0.01325586
0.0132623
0.01331525
0.01331516
0.01334932
0.01332622
0.01324099
0.01273685
0.0123378
0.01186325
0.01146878
0.011143
0.01097681
0.01050108
0.01034645
0.01025487
0.01005061
0.01006696
0.01008423
0.01008676
0.01006316
0.0100271
0.009994235
0.009968712
0.009941475
0.009904788
0.009786458
0.009762498
0.009721432
0.00969195
0.009676476
0.009671274
0.009672869
0.009701001
0.009721159
0.009750878
0.009833106
0.01008318
0.01020278
0.01033536
0.01054946
0.01059614
0.01069847
0.01080535
0.01082463
0.01090332
0.0110253
0.01104601
0.01111196
0.0111721
0.01129166
0.01133912
0.01134416
0.0113025
0.01128756
0.01131985
0.01134887
0.01137099
0.01135477
0.01130661
0.01123724
0.01116442
0.0110824
0.01110728
0.01107514
0.01103595
0.01103711
0.01105096
0.01102077
0.01100689
0.01099238
0.01096985
0.01099089
0.01099959
0.01100564
0.01098071
0.01093133
0.01090786
0.01090554
0.01089383
0.01087258
0.01086307
0.01089591
0.01092776
0.01096602
0.01104413
0.01112193
0.01117835
0.0111859
0.01124033
0.01126858
0.01131066
0.01141839
0.01162496
0.0116462
0.01166556
0.01169508
0.01169977
0.01165126
0.01154492
0.01138353
0.01105889
0.01085201
0.01060526
0.01040137
0.01019365
0.009920491
0.009894612
0.009747135
0.009625304
0.009575714
0.009561053
0.00953122
0.009492329
0.009463721
0.009485087
0.009459564
0.009485367
0.009483652
0.00949861
0.009532135
0.009562345
0.009640601
0.009732312
0.009853311
0.009977955
0.01035996
0.01036782
0.01041752
0.01054406
0.01061411
0.01075014
0.01084473
0.01085315
0.0108662
0.01087944
0.0108556
0.01075191
0.0107153
0.01065333
0.0105754
0.01051744
0.01042036
0.01029991
0.01024753
0.01021126
0.0101914
0.01013321
0.01015997
0.010154
0.01013087
0.0101084
0.01011025
0.01008748
0.01006644
0.01004935
0.009969871
0.00995303
0.009899558
0.009834314
0.009808626
0.00973672
0.009676405
0.009652264
0.009624039
0.009585134
0.009499318
0.009421305
0.009355539
0.00926791
0.009182444
0.00913467
0.00911655
0.009103004
0.00911043
0.009119213
0.009154046
0.009331821
0.009480163
0.009679996
0.009860914
0.01016377
0.0105502
0.01067636
0.01083573
0.01089232
0.01122796
0.01143934
0.01152032
0.01155223
0.01162369
0.01170596
0.01184027
0.01187345
0.01191313
0.01196981
0.0121607
0.0122924
0.01237933
0.01246193
0.01252192
0.0125919
0.01268826
0.01276765
0.01281718
0.01289311
0.01295714
0.01304147
0.01306561
0.01315535
0.0132559
0.01330078
0.01335763
0.01348057
0.01353178
0.01355167
0.01356326
0.01349883
0.013466
0.013412
0.01327097
0.01312477
0.01287574
0.01287574
0.01286048
0.01283611
0.01278335
0.01270078
0.01267638
0.01261459
0.01259662
0.01258851
0.01263267
0.01267739
0.01273836
0.01291387
0.01302801
0.01313309
0.01327718
0.01354295
0.01365375
0.01389349
0.01424629
0.01443184
0.01445882
0.01448639
0.01464611
0.01467772
0.01466699
0.01472855
0.01474632
0.01468484
0.01460801
0.01455539
0.01454939
0.01442151
0.01430368
0.01418646
0.01406267
0.01399676
0.01379514
0.0137453
0.01347203
0.01348936
0.01335324
0.0129548
0.01281976
0.01283242
0.0126237
0.01251557
0.01240047
0.01235551
0.0122173
0.01206831
0.01192805
0.01185416
0.01179967
0.01183846
0.01181266
0.01184446
0.01180394
0.0117694
0.01171487
0.01166792
0.01159853
0.01156408
0.01153877
0.01150544
0.01150602
0.01152814
0.01152954
0.01155291
0.01156465
0.01154816
0.01154343
0.01157963
0.01166542
0.0117727
0.0118684
0.01188903
0.0119051
0.01193075
0.01198082
0.01207651
0.01205229
0.0120533
0.01212048
0.01218269
0.01222067
0.0122979
0.01230625
0.01238553
0.01249861
0.01260068
0.01269782
0.01291714
0.01291714
0.01311309
0.01316481
0.01311457
0.01313051
0.01309396
0.01296459
0.01285047
0.01272838
0.01259744
0.01258348
0.01256682
0.01256082
0.01243913
0.01242968
0.01238159
0.0123292
0.01222156
0.01220258
0.0122122
0.01226938
0.01234286
0.01248033
0.01265907
0.01282439
0.01292311
0.01314565
0.01307125
0.01305224
0.01301677
0.0129683
0.0129299
0.01297867
0.01290405
0.01286649
0.01279682
0.01273912
0.01270573
0.01263236
0.01260571
0.01254376
0.01240054
0.01228329
0.01218268
0.01200259
0.01183256
0.01151689
0.01140197
0.01120993
0.01121421
0.01119156
0.01105829
0.01106078
0.01094078
0.01094444
0.01093989
0.01096715
0.01099698
0.01104503
0.01101889
0.01113999
0.01125121
0.01128003
0.01129358
0.01130101
0.01129425
0.01126476
0.0112743
0.01126216
0.01125978
0.01128004
0.01127127
0.01127935
0.01126073
0.01122904
0.01124446
0.01127787
0.01131707
0.01139118
0.01145524
0.01159772
0.01165388
0.0116651
0.01168908
0.01173624
0.01177014
0.01191212
0.01191133
0.01190711
0.01191126
0.01191194
0.01187465
0.01183682
0.01178977
0.01174358
0.01172671
0.01177115
0.01178895
0.01181659
0.01183719
0.01194831
0.01204333
0.01211103
0.01221061
0.01226862
0.01227407
0.01235595
0.01242507
0.01245638
0.01247728
0.01246333
0.01241019
0.0122601
0.01201867
0.01172517
0.01157773
0.01106611
0.01097712
0.0108912
0.01070191
0.01043033
0.01035045
0.01029991
0.01025756
0.0103129
0.01029489
0.01051484
0.01066542
0.01082602
0.01092088
0.01093273
0.01109761
0.0112738
0.01149077
0.01156258
0.01161826
0.01168973
0.01176549
0.01178418
0.01182793
0.01180991
0.01179399
0.01179781
0.01180467
0.01177519
0.01171158
0.01161242
0.01151346
0.0114758
0.01137157
0.01118274
0.01113826
0.01105932
0.0109105
0.01078227
0.01065377
0.01037279
0.01025119
0.01021167
0.01005556
0.009758008
0.009677367
0.009609032
0.009532494
0.009412297
0.009315547
0.009157646
0.00909689
0.009151733
0.009178426
0.009286691
0.009443508
0.009436077
0.00942356
0.009552707
0.00949834
0.009472894
0.009252344
0.009149949
0.008934122
0.008665905
0.008497422
0.008390682
0.008399935
0.0084015
0.008482969
0.008539842
0.008571048
0.008530492
0.0085131
0.008461591
0.008486692
0.008513819
0.008594358
0.008677196
0.008726566
0.008828078
0.008902839
0.008979624
0.009097287
0.00919276
0.009237782
0.009211623
0.009251887
0.009270731
0.00931906
0.009372813
0.009382587
0.009327204
0.009234685
0.009093742
0.008886563
0.008772061
0.00858403
0.008454342
0.008295918
0.008217773
0.008163546
0.008171901
0.008132409
0.008152009
0.008169525
0.008164931
0.008247503
0.00834603
0.00851656
0.008721676
0.008754581
0.008737874
0.008723414
0.008671094
0.008646023
0.008611109
0.008612505
0.00858794
0.00860627
0.008711843
0.008872529
0.009001446
0.008982739
0.008968341
0.008936097
0.008897875
0.008916738
0.008932352
0.008922979
0.008817777
0.008716234
0.008565971
0.008433825
0.008307036
0.008157866
0.008082423
0.007988966
0.007897325
0.007887291
0.007953344
0.008028519
0.008163093
0.008376167
0.008779404
0.009051155
0.009352036
0.00948891
0.009673848
0.009887071
0.009753316
0.009710209
0.009673263
0.009719238
0.009766518
0.009758702
0.009714744
0.009570492
0.009475231
0.009280183
0.009107266
0.008793369
0.008667439
0.008579611
0.008432635
0.008361102
0.008270252
0.008235216
0.008181728
0.008150468
0.00816319
0.008068465
0.008050449
0.00802301
0.007965766
0.00796224
0.007973331
0.007995488
0.008003617
0.008008558
0.007999899
0.007931928
0.00789345
0.007827452
0.007623455
0.007494926
0.00748025
0.007348668
0.00729027
0.007255137
0.007180187
0.007042624
0.006968977
0.006984333
0.006905856
0.006876389
0.006859558
0.0068679
0.006893136
0.006925764
0.006973038
0.007054365
0.007059495
0.007077402
0.007064968
0.007080595
0.007074369
0.007033397
0.007030838
0.006996786
0.006722754
0.006554137
0.006453658
0.006372929
0.006152849
0.006071001
0.006039124
0.005835656
0.005855162
0.005804797
0.00578654
0.005750084
0.005729165
0.00571976
0.005763132
0.00576228
0.005806797
0.005848219
0.005858319
0.005842408
0.005752418
0.00564874
0.005467425
0.005282471
0.005081629
0.004844696
0.004713968
0.004561525
0.004422594
0.004377595
0.00419287
0.00412128
0.004134607
0.004131781
0.004162808
0.004196729
0.004227679
0.004246255
0.00426564
0.004253499
0.004310749
0.004408166
0.004448541
0.004567259
0.004677153
0.004724178
0.004726368
0.004790407
0.004844705
0.004893939
0.005057306
0.005153065
0.005213268
0.005431299
0.005500712
0.005578672
0.005598934
0.005705871
0.005799384
0.006005366
0.006228159
0.006547946
0.00658914
0.006522883
0.006564397
0.006594505
0.00661183
0.006639074
0.006636025
0.006663283
0.006635848
0.00667161
0.006689879
0.006695949
0.006684738
0.006717999
0.006756024
0.006767336
0.006820652
0.00688299
0.006858603
0.006866096
0.006844182
0.006819077
0.006807805
0.006783137
0.006779196
0.006771707
0.006790188
0.006839368
0.00690549
0.007062
0.007185455
0.007260007
0.007585941
0.007687912
0.00771785
0.00778675
0.007795928
0.007835757
0.007855495
0.007889293
0.007910444
0.007932945
0.007948787
0.007962613
0.007965862
0.007930845
0.007896062
0.007865543
0.007817327
0.007795203
0.007799985
0.007807541
0.007824114
0.00788282
0.007901058
0.007951402
0.008040034
0.008056735
0.008084943
0.008217855
0.008226087
0.008229812
0.008190895
0.008108503
0.008074844
0.007951595
0.007855347
0.007812895
0.007675879
0.007597249
0.00754475
0.007483403
0.007411031
0.007372155
0.007362089
0.007333708
0.007319087
0.00729912
0.007303049
0.007288848
0.007313395
0.007296768
0.007250931
0.007206236
0.007111523
0.007087796
0.0070341
0.006962258
0.006990063
0.007056666
0.007234724
0.007528189
0.008287556
0.00859175
0.008759166
0.009258945
0.009311859
0.009545528
0.009578489
0.009845972
0.01004962
0.01011548
0.0101599
0.01018673
0.01021721
0.01025035
0.01031612
0.0103719
0.01046211
0.01053208
0.01060212
0.01063626
0.01091228
0.01104391
0.01109788
0.01121813
0.01140743
0.01148868
0.01175993
0.01172107
0.0118377
0.01190138
0.0119075
0.0119144
0.01191957
0.01194644
0.01190387
0.01188917
0.01190112
